OTU	G441802_mean	G441303_mean	G441284_mean	G440282_mean	G441424_mean	G440305_mean	G445224_mean	G440606_mean	G440981_mean	G440883_mean	G441502_mean	G440205_mean	G440104_mean	G445302_mean
136025.0	24.1	179.3	122.3	126.6	426.9	267.4	356.3	626.3	154.0	265.2	362.4	206.2	282.4	3.3
4388819.0	6.0	22.9	12.3	18.4	27.2	22.2	29.2	46.0	13.3	39.5	31.1	19.0	32.0	.7
4475561.0	3.4	13.1	5.2	7.2	16.7	9.3	13.2	25.8	4.7	17.8	16.7	11.9	20.9	.2
4441792.0	.6	4.2	3.0	3.0	10.6	6.0	8.8	15.6	3.8	6.3	9.2	4.9	7.6	.7
1111200.0	.7	5.2	3.5	3.5	11.9	7.5	9.7	17.2	4.0	7.0	9.9	5.5	8.0	.1
4394913.0	21.2	199.7	119.5	106.7	269.0	176.8	225.7	290.3	140.5	374.4	240.7	108.7	23.1	2.8
654155.0	2.4	42.8	24.2	24.5	43.0	30.1	48.7	63.5	27.7	60.9	44.6	21.0	18.2	.3
4415338.0	2.5	13.4	2.6	2.3	6.3	3.5	5.4	10.7	1.2	6.0	16.3	8.6	14.1	.5
651436.0	.1	1.4	.9	.9	4.2	1.9	3.0	5.8	1.2	1.9	3.7	1.6	3.2	.0
4481624.0	301.1	245.8	82.6	270.0	104.1	12.0	75.0	82.1	182.0	183.1	71.9	35.7	54.5	187.2
810889.0	.2	2.4	1.3	1.4	2.4	1.6	2.7	3.8	1.6	3.2	2.6	1.1	1.1	.0
107461.0	1.2	6.7	2.9	4.8	2.4	2.1	4.6	4.3	2.8	7.5	3.6	1.6	2.6	.2
765388.0	3.7	4.4	2.7	2.9	8.9	5.4	7.7	10.5	4.1	8.3	7.7	4.5	4.2	1.0
4409730.0	747.5	462.7	311.3	603.3	175.4	77.9	166.2	357.4	522.5	476.4	156.5	158.9	243.0	541.7
227434.0	1.5	8.2	3.2	3.2	5.2	3.6	5.6	8.1	3.4	7.4	5.6	2.8	3.5	.9
159017.0	.2	1.9	1.0	1.0	1.9	1.2	2.0	2.8	1.1	2.4	2.0	1.0	1.1	.0
248902.0	56.5	34.2	22.8	39.9	17.6	6.7	10.0	18.6	33.8	20.3	8.3	8.8	14.9	32.8
4337197.0	.3	.7	.5	.9	2.5	1.9	1.5	3.2	.6	2.0	2.4	1.0	4.3	.0
4434334.0	33.4	32.9	11.0	18.5	15.6	4.0	15.5	14.3	18.0	31.7	11.7	7.4	6.5	24.7
4264281.0	1.0	.9	1.3	.6	.6	.2	.7	1.5	8.9	1.7	.7	.2	.1	.8
4444931.0	2.2	.7	1.0	.6	.5	.2	.7	1.4	8.0	1.2	.5	.1	.1	.6
4389066.0	24.1	16.1	7.7	10.8	11.2	2.0	11.9	5.9	22.2	12.1	7.5	3.7	3.7	13.4
569244.0	141.8	129.6	32.2	33.6	82.1	59.1	130.7	65.3	118.8	183.4	265.0	45.4	38.2	48.7
4326870.0	63.8	53.0	55.8	77.8	23.3	215.2	32.6	37.7	13.5	52.9	112.0	43.5	100.3	40.7
4413347.0	64.1	72.8	24.4	33.5	43.9	34.0	26.0	46.3	19.9	37.9	32.9	27.7	134.9	73.1
4474255.0	8.9	21.3	12.2	31.3	10.6	96.2	34.9	24.6	5.0	2.7	22.9	30.1	19.5	23.3
111868.0	.1	.5	.4	.4	1.3	.8	1.0	1.8	.5	.8	1.1	.6	.9	.0
4366655.0	.1	.6	.4	.4	1.4	.8	1.1	2.0	.5	.8	1.0	.6	.9	.0
4467447.0	30.9	37.1	37.8	30.0	20.7	72.2	22.1	39.6	16.0	19.3	6.4	70.1	50.5	34.8
759916.0	.1	.5	.4	.4	1.2	.7	1.1	1.8	.4	.7	1.0	.6	.7	.0
4445673.0	17.9	6.0	13.1	7.6	8.8	1.8	22.0	11.2	32.2	31.8	9.3	1.0	2.8	4.0
3138798.0	107.2	179.5	237.7	149.2	127.4	289.0	193.1	238.5	64.8	109.2	68.5	188.0	142.0	128.5
4456889.0	3.0	2.5	19.8	2.0	2.8	.6	1.2	4.9	5.4	2.8	2.0	.5	4.2	1.4
4479443.0	14.5	12.8	9.8	17.3	16.0	36.3	12.7	18.4	6.1	5.3	10.4	23.5	23.7	14.3
4434799.0	.8	.5	3.2	2.2	2.7	1.1	2.3	4.5	4.2	1.2	.7	1.2	5.8	1.1
4463045.0	1.0	3.3	1.5	1.4	2.9	2.2	2.7	4.9	1.6	2.6	3.7	1.7	3.7	.6
1105919.0	.1	.4	.3	.3	1.0	.6	.9	1.5	.3	.6	.9	.6	.7	.0
4482516.0	34.2	24.5	10.8	61.2	9.0	5.9	10.1	11.8	19.4	28.5	44.7	4.9	7.6	15.9
215097.0	2.5	4.7	2.3	2.2	1.0	25.0	2.7	6.6	3.1	.8	2.5	9.6	12.1	6.1
4457872.0	2.6	3.2	3.6	2.3	1.8	6.7	3.0	3.6	2.2	2.0	1.7	4.4	5.4	4.0
354574.0	5.4	12.6	11.1	7.0	4.0	15.0	11.1	10.3	3.8	4.6	14.7	7.1	7.7	5.4
4447072.0	165.7	150.0	183.7	111.8	119.4	340.5	204.9	193.5	127.8	111.7	86.3	243.0	244.2	188.8
189503.0	2.6	1.7	1.2	2.3	.6	.2	.6	1.4	2.1	1.7	.6	.6	.9	2.1
4442459.0	17.6	24.4	22.4	17.2	13.4	36.2	16.6	22.3	14.8	16.2	10.1	24.4	21.2	37.0
4480244.0	53.8	48.5	41.0	142.5	58.5	43.7	71.7	10.1	9.2	20.1	42.8	44.7	12.0	42.5
4477861.0	17.2	16.8	15.6	14.4	16.6	57.6	18.5	22.2	19.3	14.3	9.1	26.4	36.8	22.9
303326.0	2.3	1.4	1.0	2.2	.6	.2	.6	1.3	1.8	1.5	.6	.6	.9	1.8
4413619.0	3.2	2.9	2.8	6.0	4.7	7.7	3.9	3.4	3.2	1.4	2.5	5.7	3.6	3.0
4478815.0	33.0	35.8	11.2	16.7	16.1	18.7	5.5	18.7	11.8	13.1	19.5	15.1	33.2	32.2
4446320.0	2.4	1.9	.7	2.3	.8	.1	.6	.7	1.4	1.5	.7	.3	.4	1.6
4479347.0	1.3	2.4	.3	.3	.8	1.2	1.4	2.0	.7	1.5	1.5	.5	2.1	.8
248126.0	2.1	1.3	1.0	2.0	.6	.2	.6	1.1	1.8	1.5	.5	.5	.8	1.7
171409.0	.1	.6	.3	.3	.5	.4	.8	.8	.3	.8	.6	.3	.2	.0
2373126.0	.1	.9	.5	.4	.9	.6	.8	1.0	.6	1.7	.8	.4	.1	.0
4395096.0	42.6	41.8	65.3	42.9	36.6	99.4	49.6	64.9	32.9	32.0	19.0	77.1	81.6	77.3
152125.0	.0	.3	.2	.2	.8	.5	.6	1.1	.3	.5	.6	.4	.5	.0
178640.0	1.7	1.0	.8	1.4	.4	.2	.4	.9	1.3	1.1	.4	.3	.6	1.3
191694.0	1.7	1.0	.8	1.6	.5	.2	.4	.8	1.3	1.1	.4	.4	.6	1.3
4381553.0	85.1	118.0	108.6	78.7	72.9	226.3	109.6	121.6	42.3	70.2	60.4	185.8	138.8	100.2
4425214.0	76.4	74.9	54.4	53.7	73.9	18.1	27.8	84.5	63.0	86.2	66.5	40.7	90.7	90.2
263248.0	1.8	1.1	.9	1.7	.5	.2	.5	.9	1.4	1.2	.4	.5	.7	1.4
4479397.0	201.6	257.1	241.4	159.7	163.3	297.2	235.5	165.6	165.7	207.9	137.2	269.6	233.4	258.4
4429301.0	54.9	98.5	27.9	66.1	57.9	26.4	27.0	82.9	60.4	62.4	40.3	29.2	74.8	75.9
297143.0	1.8	1.1	.8	1.5	.5	.2	.4	.9	1.3	1.1	.4	.4	.6	1.4
4448492.0	2.3	4.2	3.0	4.2	4.3	8.2	4.2	4.1	3.4	1.9	3.2	5.1	4.1	3.4
673010.0	.1	.6	.3	.3	.6	.4	.7	.9	.4	.9	.6	.3	.3	.0
3797933.0	15.4	12.4	18.6	29.0	21.4	34.7	19.0	17.8	18.3	9.2	16.3	21.1	19.8	13.9
4385617.0	.1	.3	.2	.2	.7	.4	.7	.8	.2	.4	.7	.4	.5	.0
4383953.0	1.6	.8	.4	1.0	.5	.1	.3	.4	1.0	.7	.3	.1	.2	1.0
4395075.0	27.4	30.5	34.8	40.0	23.8	64.6	31.3	29.6	21.3	16.3	11.4	55.4	41.8	38.5
316496.0	1.5	1.1	.7	1.5	.4	.2	.4	.8	1.3	1.1	.3	.3	.6	1.1
4438983.0	22.2	23.7	14.8	8.3	12.6	3.6	7.6	11.1	15.8	8.3	8.4	4.9	5.7	17.1
4463892.0	18.4	20.1	31.0	18.6	16.3	30.5	25.7	27.7	20.5	14.5	9.9	28.4	28.2	26.3
901834.0	54.5	59.2	17.0	18.6	48.8	23.7	34.5	17.8	30.5	65.1	65.9	22.4	20.6	28.1
3070686.0	.9	1.2	.9	.7	1.1	.3	.5	1.2	2.2	1.0	.8	.3	.1	.6
4473883.0	40.4	29.3	16.2	23.6	23.0	5.8	12.3	25.3	17.8	34.1	27.8	10.7	44.3	48.7
3943182.0	1.3	1.6	1.7	1.2	.6	2.4	1.8	1.6	.8	.9	.4	3.0	2.8	3.7
4458576.0	2.5	2.8	2.8	3.4	4.0	12.4	4.8	4.6	3.2	3.4	6.3	4.5	2.9	2.5
4472091.0	17.0	13.1	11.8	14.0	10.6	7.7	6.5	10.9	5.5	7.4	6.0	8.3	11.5	14.4
163243.0	79.4	99.2	25.4	87.1	79.8	47.2	102.5	47.5	126.3	104.6	71.6	50.8	58.1	86.2
197072.0	1.1	1.1	1.1	.6	.5	2.2	1.9	1.7	.9	.5	.3	2.5	2.0	2.3
4451152.0	43.6	52.9	39.1	59.8	62.7	117.3	79.5	71.5	29.6	14.4	48.4	88.3	74.9	55.6
4466647.0	8.6	16.8	7.1	5.9	14.5	11.1	22.2	26.2	16.7	10.3	17.2	6.1	10.7	5.4
4436552.0	335.2	212.3	788.4	589.7	640.8	458.9	861.3	480.1	719.3	326.3	755.2	1091.5	501.7	357.2
4301511.0	18.0	18.2	12.8	16.9	12.9	8.1	10.3	16.1	27.3	29.8	31.3	7.5	19.9	13.2
3154070.0	1.3	1.1	1.1	.6	.4	2.2	2.1	2.1	.9	.6	.4	2.6	1.9	2.6
4450214.0	25.4	23.0	16.3	29.7	19.5	18.3	30.7	15.6	27.8	28.8	42.9	14.0	12.2	16.8
4468234.0	421.0	462.0	686.5	414.8	368.0	694.4	541.1	616.6	461.8	317.1	223.3	652.4	626.3	598.4
4465124.0	7.8	4.9	4.9	11.6	12.3	8.4	13.3	7.0	13.4	10.2	29.7	7.2	6.3	4.1
4425571.0	796.7	715.0	971.8	625.9	592.8	444.6	825.2	544.8	887.0	1211.6	718.0	496.9	643.1	822.1
4393532.0	9.2	6.7	2.5	2.7	3.5	1.5	4.1	5.7	4.0	3.1	2.9	2.2	4.7	8.0
4478125.0	368.9	406.8	313.4	465.8	449.9	341.9	392.3	273.6	387.9	260.4	707.7	496.9	380.5	358.6
4388385.0	4.8	6.6	4.5	3.8	5.9	5.8	7.3	10.0	7.5	6.6	7.6	2.6	7.2	4.1
3472078.0	.9	1.2	1.2	.8	.4	1.7	1.5	.9	.7	.6	.3	2.0	2.1	2.3
3931537.0	31.3	32.7	11.4	26.2	33.7	22.0	11.2	16.4	14.4	27.0	12.4	24.5	57.0	33.0
730906.0	31.7	32.7	20.1	44.4	46.6	25.1	22.6	32.9	21.3	21.4	29.5	16.9	22.8	34.0
4469576.0	12.2	16.1	20.5	33.1	11.2	11.4	10.6	16.0	6.9	10.1	5.1	13.9	17.0	19.4
4454531.0	11.0	9.6	11.1	8.5	6.9	5.8	11.6	6.9	10.0	14.6	8.8	6.8	7.6	10.9
182483.0	17.6	24.0	14.9	22.0	35.4	9.8	16.3	22.6	20.5	40.1	43.5	9.5	7.9	22.9
175535.0	.9	1.0	1.1	.7	.6	1.9	1.4	1.0	.6	.5	.4	1.5	1.5	1.7
1602314.0	2.7	2.4	.9	4.9	.5	.4	1.1	2.4	4.0	1.8	.4	.5	1.9	2.3
4004998.0	1.3	1.6	2.0	1.9	3.3	1.2	1.1	1.9	1.5	3.6	9.1	.8	.7	1.3
4424063.0	9.9	9.6	5.3	9.8	10.5	4.6	5.4	10.6	8.0	7.6	13.0	5.7	7.8	7.2
1944498.0	2.4	3.1	3.8	3.7	2.0	4.7	3.0	3.4	2.8	1.4	1.5	3.6	5.5	3.2
4306262.0	325.5	308.3	220.6	301.7	295.2	295.8	125.9	197.9	434.8	273.5	95.1	264.9	301.5	310.1
4439469.0	30.4	31.3	37.3	21.7	18.2	14.4	25.3	27.6	19.6	38.5	14.0	13.6	18.3	35.2
2700883.0	1.2	.9	1.3	3.4	2.4	2.2	2.2	1.1	1.0	1.0	3.0	1.4	.9	.8
171184.0	1.3	1.0	.3	1.2	.4	.1	.3	.4	.8	.7	.3	.1	.2	.8
4452613.0	204.9	230.6	221.9	188.6	193.7	153.8	280.8	217.1	268.4	284.4	200.7	266.8	280.8	274.4
4457268.0	31.7	28.8	40.8	27.5	24.3	17.8	33.3	23.6	37.8	50.5	28.6	20.5	25.9	38.2
4467992.0	15.5	10.7	6.8	10.3	10.3	2.4	4.2	9.5	7.0	11.4	12.3	4.7	14.7	13.9
2498994.0	131.4	117.0	49.1	69.5	104.8	38.4	35.6	105.6	82.0	95.6	104.4	63.4	111.7	86.6
4469167.0	90.0	62.7	51.0	69.6	67.1	78.7	82.3	41.5	65.3	58.7	110.0	68.2	51.7	57.8
4476604.0	90.5	88.2	90.3	100.0	73.5	49.1	43.7	65.6	40.2	49.1	40.2	51.8	77.6	120.2
165118.0	4.4	2.1	12.3	3.7	2.4	12.5	19.3	7.6	1.7	1.7	10.4	6.0	9.0	5.8
178773.0	19.5	24.7	21.7	33.1	35.4	29.6	23.7	17.2	22.0	19.7	49.2	19.6	13.6	18.1
4476186.0	21.4	8.2	57.5	45.0	33.5	27.2	41.5	42.7	34.0	14.9	49.6	47.3	19.7	20.6
3903651.0	24.1	33.3	37.3	19.6	21.1	22.0	20.1	25.3	13.6	15.9	10.5	19.5	23.0	35.2
4468391.0	64.0	78.4	25.5	53.1	47.7	28.0	38.8	38.2	33.1	27.5	33.9	37.6	74.6	85.4
4401580.0	1.9	1.9	2.1	1.7	1.5	3.2	2.2	1.8	1.5	1.6	1.0	2.5	2.3	2.7
4471854.0	21.9	21.3	7.0	17.0	18.4	12.4	9.0	23.8	12.5	12.6	18.7	10.5	24.1	16.9
1105016.0	83.9	50.9	40.2	103.5	99.1	31.5	60.4	52.4	57.2	60.2	56.3	49.7	27.9	66.8
179536.0	1.3	1.1	1.0	.9	.3	.2	.5	.7	1.8	.9	.4	.3	.7	1.3
181432.0	6.2	4.6	15.0	8.3	2.2	14.0	15.4	15.2	5.0	5.5	12.1	9.9	10.1	6.4
4479989.0	17.3	9.8	7.2	9.2	12.2	2.9	3.9	11.1	11.9	10.2	11.7	6.0	10.6	10.6
4457438.0	64.7	40.7	45.1	84.6	84.2	86.2	63.9	48.4	57.2	96.4	120.0	49.8	60.4	57.4
4278525.0	.9	.7	.8	.5	.4	1.7	1.2	1.0	.5	.5	.2	1.6	1.6	1.7
178387.0	9.6	4.3	33.4	30.0	20.3	15.6	39.0	17.9	23.8	17.8	54.9	43.4	33.8	15.6
4416570.0	12.6	12.4	4.9	7.8	13.0	9.1	4.2	14.5	8.1	7.2	8.8	7.1	18.0	10.6
4478762.0	12.4	7.1	7.9	5.8	7.7	2.6	3.3	12.5	12.8	10.4	9.7	6.4	10.5	7.9
4307093.0	13.8	7.2	28.6	28.7	16.9	18.9	33.1	9.7	11.8	11.0	41.8	58.6	9.5	7.3
4482374.0	6.2	14.8	28.2	1.8	2.7	2.8	5.2	3.2	2.7	7.0	5.3	2.8	9.7	5.2
174749.0	2.5	2.1	1.5	2.2	1.9	1.7	2.3	1.1	1.7	1.4	3.0	2.3	1.5	2.3
4474380.0	10.5	11.2	7.4	13.7	12.2	5.1	5.1	10.4	10.4	13.1	7.0	6.7	12.6	9.8
207126.0	17.4	8.1	14.2	9.1	13.7	2.9	11.3	10.8	45.4	18.8	7.5	12.4	9.9	11.7
50765.0	.1	.5	.2	.3	.6	.3	.5	.6	.4	1.0	.5	.2	.1	.0
4484034.0	2.3	2.9	2.9	2.0	1.9	4.1	2.7	2.2	1.9	2.4	1.7	3.4	3.1	3.2
2979308.0	6.7	4.9	6.4	1.9	1.3	3.4	1.1	4.7	3.1	4.6	2.1	1.5	5.1	6.2
180516.0	1.0	.6	.4	.9	.3	.1	.2	.5	.9	.7	.2	.3	.4	.8
4420408.0	.9	.8	1.2	.6	.7	2.0	1.3	1.0	.8	.7	.5	1.5	1.7	1.1
4456091.0	78.6	67.7	107.4	72.2	57.0	94.4	44.4	107.0	97.2	119.5	55.7	104.0	114.4	102.5
189920.0	1.0	.6	1.0	.6	.4	1.4	1.3	1.6	.7	.4	.3	1.9	1.5	2.0
187388.0	89.3	76.6	110.6	108.1	86.1	168.1	121.3	138.3	44.7	44.0	91.3	170.7	132.3	120.4
4426298.0	2.1	2.2	1.0	1.6	1.9	1.2	1.5	2.2	1.1	1.4	1.0	1.4	10.0	4.4
276478.0	1.1	.7	.5	1.0	.3	.1	.2	.5	.8	.7	.2	.2	.4	.8
4454432.0	1.0	.8	.3	.9	.3	.0	.2	.3	.7	.6	.2	.1	.2	.7
4425669.0	23.7	17.5	14.8	21.9	39.2	21.3	23.6	31.1	24.6	17.9	30.7	19.8	13.2	21.5
1142110.0	4.2	2.2	1.4	1.5	1.2	.4	1.0	1.7	3.6	3.9	1.0	.4	1.0	1.8
192347.0	23.9	12.7	27.2	30.7	35.4	16.5	33.9	14.0	22.3	39.1	41.7	16.3	13.9	21.9
177037.0	2.0	2.8	1.8	1.9	2.4	1.0	2.2	2.6	4.8	3.6	3.3	1.0	1.5	1.5
4356065.0	.7	1.0	.9	1.4	2.5	3.5	1.3	1.6	1.1	.8	1.1	2.8	1.4	1.0
4481613.0	12.5	9.7	9.1	11.0	8.6	4.3	11.1	13.3	11.6	12.7	12.4	5.2	11.2	22.2
183662.0	1.0	.9	1.8	1.0	.8	1.5	1.3	1.5	1.1	.6	.6	1.7	1.5	1.6
4449055.0	21.1	37.3	25.5	28.3	30.1	85.5	48.9	54.8	17.5	8.8	21.7	49.0	47.9	32.3
4328241.0	.8	1.1	1.4	.9	.7	1.7	1.3	1.4	.4	.7	.3	1.1	.8	.8
184394.0	1.6	1.5	1.2	3.4	2.9	2.7	1.5	1.9	2.1	1.5	2.8	3.9	2.1	1.1
4425663.0	28.3	17.0	11.9	16.3	29.7	13.3	28.0	7.3	33.0	30.3	39.3	13.7	14.5	23.6
4377149.0	65.5	36.4	20.6	40.2	44.3	40.3	31.0	24.2	38.8	37.2	52.9	31.1	31.6	41.2
4472813.0	2.4	2.9	2.3	1.3	3.4	2.2	4.5	4.1	3.4	4.3	2.9	1.7	4.7	2.2
191355.0	6.2	5.3	2.3	3.2	4.4	1.8	1.6	5.2	3.8	4.3	4.6	2.7	5.1	4.0
1044419.0	15.1	20.2	22.4	11.0	37.2	1.3	4.4	2.0	20.2	2.8	7.3	7.6	6.1	8.9
177679.0	16.1	6.6	13.7	12.8	9.9	11.9	20.3	12.3	10.6	5.5	22.1	23.9	10.5	12.3
287863.0	15.0	18.3	19.1	8.1	25.1	11.4	11.6	15.7	2.8	6.6	48.2	5.9	6.0	6.2
4480861.0	11.3	11.0	22.0	9.0	15.0	6.8	6.7	43.3	15.4	36.2	32.8	5.8	17.0	27.8
4473509.0	3.6	4.6	3.4	6.6	3.8	9.6	3.3	7.9	2.3	4.6	3.7	7.5	9.3	7.1
3084481.0	7.2	3.9	2.9	2.9	2.1	8.9	4.1	4.5	2.5	5.0	3.8	5.0	6.3	4.3
4483045.0	35.0	27.0	29.4	38.5	31.8	28.5	25.5	22.2	26.4	46.2	38.6	16.1	31.6	20.5
4386971.0	.3	.6	.7	.3	.6	.2	.3	1.1	1.6	.5	.7	.1	.1	.3
818935.0	.0	.2	.1	.1	.4	.3	.4	.7	.2	.2	.4	.2	.3	.0
4437362.0	2.5	2.8	4.3	2.4	1.5	4.9	2.7	2.5	2.3	3.2	1.1	9.6	6.1	3.8
4480529.0	9.3	6.5	3.0	10.2	13.5	6.5	4.6	6.0	6.2	11.0	10.3	5.6	11.2	9.3
4403113.0	3.1	3.2	2.5	3.7	3.8	2.9	3.3	2.4	3.3	2.2	5.7	4.2	3.0	3.0
4437359.0	5.2	4.7	4.8	6.4	5.9	7.0	5.7	3.5	4.3	4.2	7.0	6.9	4.2	4.6
4444262.0	9.0	7.0	6.7	17.7	5.1	9.4	2.3	13.4	3.0	1.9	1.3	5.2	12.8	3.6
2591420.0	.3	.3	.2	.2	.7	.3	.5	.8	.2	.6	.5	.3	.3	.1
4392188.0	54.5	57.5	49.9	63.4	126.2	96.5	53.7	41.3	66.3	71.1	71.9	72.7	47.4	58.8
193591.0	1.1	1.2	2.0	1.2	1.1	2.0	1.6	1.9	1.3	.9	.6	1.9	2.0	1.7
514523.0	3.2	3.6	5.1	8.3	3.2	3.1	3.7	3.5	4.0	5.1	4.7	4.3	4.2	3.6
3236435.0	29.3	28.3	15.2	18.8	17.6	15.0	21.1	24.5	36.9	23.5	26.1	10.1	21.7	23.3
4425495.0	69.4	74.1	115.2	55.6	61.3	117.3	98.1	110.5	115.1	66.9	66.6	82.9	110.4	104.5
4352657.0	6.0	6.1	2.4	7.0	7.5	3.0	5.9	8.4	5.4	5.4	8.1	5.0	13.9	5.8
176469.0	3.6	2.0	.4	4.0	.9	6.5	1.8	1.6	.9	1.7	.9	3.8	6.4	1.8
4465072.0	5.3	3.6	4.0	5.0	8.5	6.0	8.4	4.4	4.4	3.2	16.8	7.4	5.0	3.9
577170.0	.8	.8	1.2	.7	.4	1.2	1.1	.9	.6	.4	.3	1.4	1.3	2.0
4305923.0	43.6	39.0	5.1	12.7	37.8	12.3	18.6	5.1	9.0	16.0	16.3	11.8	14.5	17.4
190309.0	.7	.6	.8	.5	.5	1.7	1.0	.9	.6	.5	.4	1.1	1.1	.9
273357.0	.8	.5	.3	.6	.2	.1	.2	.4	.5	.5	.2	.2	.2	.6
4475758.0	19.0	25.1	23.1	28.8	13.5	26.5	22.0	12.6	10.6	7.3	6.0	26.4	16.9	21.9
4410166.0	1.4	.6	3.0	3.1	2.3	1.9	3.8	2.0	3.0	1.3	3.4	4.8	1.6	1.3
2730944.0	26.1	22.1	60.3	25.6	40.3	26.4	21.5	30.6	23.4	6.0	24.7	47.7	38.8	58.1
798581.0	44.4	53.0	18.4	38.5	34.5	21.5	31.8	28.3	25.1	23.8	23.8	26.8	50.7	63.7
825808.0	2.4	3.1	.8	1.3	1.7	1.0	.6	1.4	.8	1.0	1.1	1.0	3.6	3.0
2407149.0	10.0	9.1	10.0	16.3	21.5	19.5	9.8	10.3	11.1	8.3	16.3	19.8	8.3	8.6
4429445.0	.7	.4	.2	.1	.0	.0	.1	.1	.6	.2	.1	.0	.1	.6
4439360.0	1.1	1.4	1.5	1.0	1.0	2.0	1.4	1.1	1.0	1.2	.7	1.6	1.5	1.5
4468384.0	2.0	2.3	1.4	4.4	3.9	1.2	1.9	1.3	1.8	1.8	2.6	2.7	1.6	1.4
344154.0	.5	.5	.7	.4	.4	1.2	.7	.7	.5	.4	.2	.8	.8	.7
185420.0	15.7	12.2	10.8	8.2	8.7	25.6	17.6	10.7	9.6	8.7	9.8	14.9	17.6	17.6
4441855.0	3.6	3.7	2.5	2.5	3.6	.9	1.2	4.1	2.9	4.3	3.3	2.0	4.5	4.4
3537197.0	14.6	9.6	10.5	18.1	18.5	24.2	12.7	8.6	10.9	13.4	7.7	12.7	7.8	11.8
4431545.0	3.5	3.1	2.1	3.1	2.4	3.5	2.5	2.4	1.1	1.7	2.9	1.5	2.5	3.5
4402960.0	.6	.6	1.0	.6	.5	1.1	.8	.9	.6	.5	.3	1.0	.8	.9
1508541.0	1.1	1.2	2.2	1.2	1.2	2.0	1.5	1.9	1.4	.9	.6	2.0	1.9	1.7
301184.0	2.2	1.9	2.9	1.9	1.7	1.3	2.4	1.6	2.8	3.6	2.1	1.5	1.7	2.3
2530636.0	34.3	43.3	111.4	88.1	47.3	128.9	54.8	122.2	67.4	70.6	53.0	95.8	152.8	52.5
4391262.0	3.6	3.3	4.5	3.0	2.8	2.1	4.1	2.7	4.5	5.9	3.2	2.5	3.2	4.0
4426438.0	120.4	161.6	59.3	87.0	81.1	43.1	46.3	60.6	120.5	92.2	66.1	34.7	79.6	72.8
4366523.0	1.6	1.1	.5	1.0	1.7	1.3	.9	1.2	1.0	2.9	2.4	.9	.8	.8
1148281.0	.0	.2	.1	.1	.4	.3	.4	.6	.2	.3	.4	.2	.2	.0
52166.0	12.6	25.4	12.8	17.4	28.9	73.3	10.5	20.3	23.4	8.9	15.7	23.1	68.6	22.2
4390365.0	14.6	15.9	9.3	11.6	12.5	4.5	3.2	9.6	6.5	9.5	7.0	7.2	10.8	13.4
157298.0	.7	.4	.5	.3	1.9	2.1	.6	.6	.4	.3	.6	.7	4.1	.5
4295707.0	24.1	15.5	12.5	12.6	12.1	6.4	5.6	25.2	21.5	26.0	26.2	3.7	30.1	16.6
4483596.0	1.7	2.5	1.5	1.2	2.2	2.2	2.9	3.0	2.8	2.2	2.9	.9	2.7	1.3
2658058.0	.7	.4	.3	.5	.1	.1	.1	.3	.4	.4	.1	.1	.2	.5
552528.0	4.8	6.2	5.1	4.2	4.2	8.5	4.8	6.7	4.1	4.3	2.3	6.5	6.0	11.1
3117556.0	9.4	7.0	7.1	3.9	4.9	12.1	8.0	10.5	5.7	6.6	7.3	11.7	11.4	9.1
3609545.0	3.3	4.1	2.9	2.3	1.8	1.0	2.4	3.7	4.4	4.2	4.2	1.7	2.7	2.5
211354.0	1.8	2.2	2.0	3.7	5.5	3.0	2.8	1.9	1.0	2.3	4.1	2.3	2.0	3.1
2829179.0	19.1	36.9	17.3	9.3	21.0	19.0	8.2	25.0	17.7	8.0	8.7	19.5	35.9	26.4
4450795.0	2.2	2.8	6.4	1.1	2.0	1.8	3.0	3.1	2.9	3.6	2.7	1.5	3.1	2.5
176269.0	6.4	6.6	8.0	13.1	17.4	17.3	9.6	12.0	12.4	8.2	13.2	16.4	7.5	8.7
180806.0	1.8	2.3	1.7	2.4	2.4	1.7	1.9	1.4	1.9	1.4	3.5	2.6	2.0	1.8
197329.0	1.7	1.8	1.3	1.1	1.4	.7	1.6	2.5	1.6	2.8	2.3	.9	1.6	1.5
173969.0	4.9	4.8	3.3	2.3	2.8	1.9	2.1	4.1	3.9	4.2	5.3	2.3	4.7	3.8
921020.0	5.2	7.7	5.3	2.9	12.3	3.5	11.5	8.7	5.5	7.1	26.3	2.2	3.9	2.9
299267.0	2.1	2.9	2.8	1.3	1.3	1.2	3.3	1.3	2.3	3.0	2.5	2.4	1.6	3.0
189407.0	.5	.2	.2	.3	.1	.1	.1	.2	.2	.3	.1	.1	.1	.6
4346675.0	81.3	71.6	38.3	65.0	79.2	59.6	63.3	57.8	60.7	65.2	61.2	53.9	76.9	67.6
1504042.0	4.3	5.1	4.7	4.0	2.9	5.5	4.8	5.1	2.1	2.1	3.0	3.1	5.0	4.7
4423553.0	30.3	21.1	14.3	22.8	33.6	33.1	41.1	19.8	24.6	72.8	38.6	27.6	19.0	22.8
296442.0	1.6	1.1	4.2	3.1	3.4	2.2	4.4	2.7	4.0	1.7	3.7	5.5	2.5	1.8
4435396.0	1.0	1.0	1.7	1.0	.9	1.5	1.3	1.5	1.1	.7	.5	1.5	1.4	1.4
196296.0	30.0	25.3	63.3	61.0	57.1	44.4	69.7	26.4	64.4	27.6	59.5	66.2	53.4	42.0
4372003.0	6.3	7.1	8.9	2.9	2.4	7.9	5.4	18.4	5.8	6.4	8.1	4.6	8.0	7.2
4326080.0	1.2	1.0	.4	.9	1.1	.8	.4	.6	.5	.9	.4	.8	1.7	1.2
750071.0	11.1	8.4	7.0	8.9	13.4	4.3	3.2	4.5	8.3	8.8	9.6	5.1	5.5	7.6
4313823.0	.6	.5	.4	.4	.6	.1	.1	.6	1.1	.3	.3	.1	.0	.3
4447950.0	78.3	118.6	118.2	67.4	85.7	180.1	135.9	136.1	97.6	61.4	45.1	139.9	136.5	150.3
3035308.0	4.2	.6	7.8	5.9	1.7	4.7	5.1	2.7	5.8	2.6	10.1	11.6	3.9	1.2
175336.0	2.9	3.2	2.2	2.8	3.7	1.8	3.7	2.5	3.2	3.9	4.1	1.3	1.9	2.5
4428714.0	4.0	3.9	.9	1.1	2.7	1.7	4.0	1.9	3.6	5.5	8.8	1.4	1.2	1.6
4474951.0	22.2	39.7	36.5	47.8	40.7	33.8	41.0	19.1	42.0	18.7	13.5	64.5	30.2	33.2
190679.0	14.5	3.2	4.7	6.4	13.2	8.6	12.6	8.6	11.7	9.4	16.2	6.9	3.9	5.4
2280817.0	1.1	.6	2.6	2.0	2.2	1.4	2.7	1.5	2.4	1.0	2.4	3.4	1.8	1.3
4309760.0	3.1	.7	.7	6.4	5.0	3.2	2.8	1.3	4.0	4.5	7.8	2.4	1.5	.9
178738.0	.7	.6	.6	1.1	.3	.1	.3	.5	.7	.5	.2	.1	.5	.7
141700.0	.0	.2	.1	.1	.3	.2	.3	.5	.1	.2	.3	.1	.2	.0
2066056.0	4.3	3.4	4.2	1.5	3.1	1.7	1.8	2.3	1.9	3.8	1.8	.9	1.3	4.8
334459.0	.8	.5	.4	.4	.2	.3	.5	.4	.4	.6	.4	.3	.3	.7
178253.0	6.1	3.6	7.8	4.1	4.1	31.3	7.3	7.0	3.1	5.9	4.5	17.5	14.5	5.2
4446898.0	.7	.7	1.1	.8	.7	1.7	.8	1.2	.5	.5	.3	1.2	1.3	1.3
4464858.0	1.0	.3	.5	.2	.7	.2	.6	.6	.8	.3	.6	.3	1.9	.8
4481131.0	200.8	235.8	162.1	204.7	203.5	135.8	127.3	157.8	187.7	166.5	303.7	172.2	189.5	214.1
4416113.0	1.8	3.9	.9	1.2	4.0	1.8	4.5	1.6	2.8	9.7	3.4	5.9	6.9	1.1
4331360.0	.4	.4	.4	.7	.6	1.0	.6	.4	.4	.2	.3	.8	.4	.3
4415390.0	8.7	9.0	13.1	6.1	6.3	7.3	3.2	14.7	5.9	6.2	3.9	3.3	10.4	7.0
289730.0	3.2	1.9	3.3	1.4	1.2	.4	1.2	3.2	4.2	2.3	3.2	.3	.8	1.4
2582660.0	6.2	8.4	3.3	6.4	5.7	3.8	3.4	6.0	5.7	4.9	6.8	3.5	6.8	4.3
357046.0	18.2	28.3	14.2	24.8	22.4	40.9	26.3	18.5	12.8	10.8	16.4	27.0	24.8	27.7
2941399.0	2.4	7.9	3.2	2.8	1.7	2.8	2.1	6.7	2.7	4.6	1.1	2.0	4.4	3.8
146557.0	19.5	23.8	22.2	42.3	41.8	19.8	30.5	4.1	19.5	13.0	39.0	26.2	12.9	43.7
15728.0	11.6	11.5	7.5	5.7	7.9	6.2	5.4	9.4	6.2	8.4	6.1	6.5	5.8	12.1
922362.0	.2	.4	.3	.1	.2	.3	.3	.3	1.2	.2	.8	.1	.0	.3
4461030.0	7.5	7.0	7.0	5.6	5.6	5.1	9.5	6.6	8.5	9.5	6.4	8.0	8.6	8.7
4403632.0	1.2	1.7	1.1	1.9	2.3	1.3	1.5	1.2	1.4	1.5	2.3	.9	1.1	1.2
740317.0	.1	.2	.1	.1	.3	.2	.3	.5	.1	.4	.3	.2	.4	.0
4414476.0	15.4	14.4	24.1	29.7	21.5	41.1	27.4	20.3	19.7	16.2	11.3	23.4	15.8	13.8
4453535.0	4.9	2.9	3.3	2.6	3.7	.7	1.2	4.3	3.6	4.9	4.6	2.0	4.5	2.9
2814830.0	5.8	8.4	3.8	8.9	10.3	7.3	3.5	8.3	3.3	3.5	8.0	3.7	6.0	7.2
186866.0	4.1	6.4	6.2	3.5	4.4	9.3	6.9	7.3	5.0	3.3	2.4	7.5	7.3	8.0
311947.0	3.5	3.1	2.9	2.1	2.6	1.8	3.9	2.6	8.7	3.5	4.7	2.3	2.2	3.3
4331760.0	2.0	2.1	2.3	1.6	2.0	7.7	3.0	2.0	1.2	2.0	2.4	3.7	4.2	2.0
4347159.0	.9	.8	.5	.4	.5	.7	.4	1.0	.3	.7	.4	.4	2.7	1.4
4383052.0	6.2	5.3	2.6	6.8	5.3	.5	1.5	3.0	3.0	2.5	3.8	1.5	4.5	4.8
229874.0	12.2	9.3	5.6	7.0	13.2	6.1	11.2	5.2	17.3	18.3	18.9	5.1	3.3	2.0
1952.0	1.0	.8	1.4	.9	1.0	1.9	1.4	1.1	.8	.9	1.1	1.3	1.4	1.7
2497335.0	1.0	1.6	1.8	1.0	1.0	2.0	1.0	1.4	.9	1.0	.7	1.7	1.2	2.1
4473788.0	1.6	1.1	1.1	1.7	2.2	2.0	1.3	1.1	1.4	2.2	2.9	1.2	1.2	1.3
4458306.0	15.5	11.1	20.7	25.1	20.0	22.5	11.1	19.3	6.9	7.8	12.1	32.0	27.9	20.4
4029632.0	.9	1.0	1.4	.8	.8	1.5	1.3	1.4	1.0	.7	.5	1.3	1.2	1.2
4371341.0	17.5	4.3	41.5	57.1	49.7	24.7	52.7	18.7	31.8	18.9	19.1	35.9	16.9	13.2
294196.0	.6	.4	1.8	1.3	1.4	.9	2.1	1.2	1.6	.7	1.6	2.3	1.2	.8
2388617.0	6.2	3.0	6.7	4.0	3.3	16.3	6.1	6.8	3.3	3.0	3.2	4.1	10.3	3.0
3121406.0	1.5	1.3	3.1	1.1	.6	2.4	.3	3.5	.8	.8	.2	2.7	1.9	2.0
846127.0	1.1	1.0	1.5	1.0	1.2	2.4	1.5	1.4	1.1	1.0	1.2	1.5	1.7	1.8
4454586.0	6.1	3.7	3.7	4.5	4.0	8.4	6.7	6.8	4.7	4.5	3.8	7.6	8.6	5.4
4418496.0	28.4	26.0	38.5	26.8	30.6	52.9	39.0	30.4	25.9	27.0	31.7	36.6	40.6	45.0
174493.0	1.0	.9	.7	1.2	1.1	.8	1.0	.7	.9	.6	1.6	1.5	.8	1.0
192720.0	.4	.3	.3	.9	.7	.7	.6	.3	.3	.3	.9	.4	.2	.2
191148.0	.8	.9	.7	1.1	1.2	.8	1.0	.6	.9	.6	1.8	1.1	.9	.8
132041.0	1.0	.9	.4	.4	.7	.5	.6	.6	.3	.6	.5	.5	2.1	1.2
4388068.0	5.1	3.2	1.0	3.8	10.6	4.5	11.2	.7	6.2	4.0	16.8	3.4	2.1	1.5
4354477.0	2.4	1.1	1.9	.9	.9	.7	1.2	.7	1.4	1.8	1.0	.8	1.1	1.5
307571.0	.6	.3	1.3	1.0	1.1	.8	1.4	.8	1.3	.6	1.3	1.7	.9	.5
4445078.0	5.3	6.0	2.6	5.7	13.1	3.1	10.3	1.8	11.1	6.6	14.3	3.5	7.0	3.8
194672.0	1.0	.7	.4	.6	.4	.4	.7	.4	.5	.4	.6	.6	.4	1.1
198786.0	.6	.4	1.6	1.1	1.2	.9	1.8	1.1	1.4	.7	1.4	2.1	1.0	.7
181422.0	1.2	.9	1.2	1.6	1.5	1.3	1.2	1.0	1.4	.5	3.1	1.8	1.3	1.6
2686369.0	2.6	1.5	1.6	2.9	2.1	.3	.6	2.9	1.0	1.1	.7	.8	2.3	1.4
4468466.0	11.6	10.7	7.3	9.4	9.1	9.8	13.0	6.1	11.5	7.4	10.6	8.6	6.9	7.5
229919.0	10.2	17.4	10.4	8.6	21.2	5.3	9.0	13.1	11.9	16.7	32.1	6.2	8.0	9.4
4420669.0	1.9	1.5	1.5	.6	.5	3.4	1.1	1.7	.8	1.7	1.7	2.0	4.3	1.3
3430935.0	1.2	1.3	1.2	1.9	1.5	1.2	1.4	1.1	1.6	1.0	2.5	1.8	1.3	1.3
4387771.0	.2	1.8	.3	.3	1.1	.2	.7	.1	.1	.4	1.2	.3	.2	.4
303571.0	3.3	2.2	1.4	2.4	3.9	1.9	5.1	2.3	3.3	2.7	4.1	2.5	1.2	2.1
4483337.0	.3	.3	.3	.3	.3	.9	.3	.3	.1	.1	.3	.5	.6	.3
173863.0	10.8	4.5	4.4	5.0	6.2	3.5	3.4	3.7	4.5	3.2	6.9	5.2	3.0	5.8
4385326.0	1.4	1.4	.8	2.1	4.6	1.8	2.6	1.8	1.2	1.7	8.0	.9	2.1	1.5
4427290.0	26.6	32.4	17.7	26.3	48.3	11.5	21.0	30.5	27.2	27.4	30.0	12.2	15.4	27.1
1579256.0	.3	1.6	.6	.3	1.9	.6	1.9	.5	.1	.2	2.0	1.2	.7	1.2
4331364.0	1.4	.9	.3	.6	.8	.7	.7	1.3	.6	.8	1.8	.7	3.3	.5
251702.0	2.1	1.8	1.6	1.1	2.5	.6	.9	2.5	2.1	2.2	2.3	1.5	2.4	1.6
181539.0	.6	.4	1.4	1.1	1.2	.9	1.6	.9	1.3	.7	1.4	1.8	.9	.7
4111715.0	1.0	.9	1.6	1.0	.7	.5	.9	.8	1.3	1.6	.9	.6	.8	1.1
173565.0	.8	.4	1.3	1.1	1.1	.7	1.3	.8	1.2	.5	1.2	1.5	.7	.8
849535.0	1.8	1.8	6.6	3.0	3.4	5.5	19.9	8.1	9.5	5.5	9.0	8.7	6.2	2.3
312070.0	.5	.3	.2	.3	.1	.0	.1	.2	.3	.3	.1	.1	.1	.4
4419459.0	2.4	1.2	2.0	2.8	6.6	4.0	6.2	1.7	7.3	3.6	4.5	4.3	1.8	1.5
3589845.0	34.4	25.3	11.9	37.3	40.0	6.1	18.4	10.6	31.2	19.1	10.8	23.9	12.9	27.6
4468891.0	2.5	2.3	1.1	1.1	1.4	.8	.7	1.8	1.2	3.7	1.7	1.0	1.7	1.5
2740950.0	23.0	13.8	25.8	25.5	32.6	18.2	20.2	12.9	29.5	13.5	20.0	17.5	11.9	16.1
4364405.0	9.6	5.5	6.4	10.1	8.2	12.2	6.8	6.2	5.4	9.1	11.9	5.8	4.8	7.9
345637.0	.4	.3	.4	.2	.3	.9	.5	.5	.3	.3	.2	.6	.5	.4
4449054.0	73.7	109.1	81.9	51.6	61.9	65.9	73.4	72.5	58.7	93.4	59.4	69.1	56.7	96.2
4390319.0	.4	.4	.4	.5	.2	.8	.4	.3	.3	.2	.1	.8	.5	.5
4481427.0	35.0	23.3	41.2	43.6	42.2	29.3	40.3	29.5	54.0	27.1	19.2	33.4	19.1	25.4
182052.0	.4	.6	.7	.3	.3	.9	1.1	1.0	.5	.3	.2	1.1	.9	1.2
4374084.0	7.9	10.3	13.3	8.3	6.8	20.7	10.5	8.5	8.7	6.4	11.6	9.8	14.1	13.2
1057526.0	1.2	1.7	1.0	1.0	1.3	1.5	1.8	2.6	2.0	1.7	1.7	.8	1.6	1.1
4366391.0	.7	.7	.9	.5	.5	1.0	.9	.6	.5	.6	.4	.9	.8	.9
4453609.0	95.2	86.0	80.8	52.6	67.9	130.9	99.5	69.4	79.5	72.5	68.5	90.0	89.0	110.4
4454257.0	3.8	4.5	4.6	3.7	3.9	2.9	5.7	4.7	5.6	5.8	3.9	5.1	5.5	5.5
355685.0	.8	.8	.6	.9	.9	.8	.8	.5	.9	1.2	1.4	1.1	.8	.7
851323.0	1.6	1.8	1.6	.8	1.1	5.8	1.0	3.4	2.1	1.2	1.2	2.6	3.6	3.2
4476578.0	.5	.6	.7	.5	.5	1.1	.7	.7	.3	.4	.3	1.1	.7	.8
308760.0	12.9	26.5	2.0	5.1	19.4	6.5	15.5	1.4	3.9	10.7	28.0	7.9	2.6	2.7
851938.0	1.8	1.4	1.0	.6	1.7	.4	.4	1.7	1.9	1.9	1.2	.9	1.6	1.2
104069.0	.0	.2	.1	.1	.2	.2	.2	.3	.1	.4	.2	.1	.0	.0
365628.0	.3	.5	.7	.4	.4	.8	.5	.7	.2	.3	.2	.6	.3	.3
4343842.0	.9	.9	.7	1.6	.8	.4	1.0	.4	1.2	1.8	1.8	.5	.4	.5
189760.0	.8	.7	.7	1.0	1.0	.8	.9	.6	.8	.5	1.4	1.1	.8	.7
2281837.0	1.7	1.3	2.1	1.4	1.2	.9	1.8	1.3	2.0	2.5	1.5	1.2	1.4	1.8
4465907.0	.8	1.4	.4	1.0	.8	.4	.4	1.2	.9	.9	.6	.4	1.0	1.0
4254313.0	7.5	5.1	10.4	5.6	4.9	6.8	3.6	8.9	7.5	9.0	8.3	7.4	7.6	8.5
4453773.0	3.9	3.5	8.1	4.8	4.1	4.7	2.2	2.1	4.0	2.7	4.8	3.7	3.4	5.2
191108.0	.4	.2	.1	.2	.0	.0	.1	.1	.1	.2	.1	.1	.1	.4
4441615.0	3.2	3.3	4.0	5.2	2.0	2.3	1.7	2.4	1.4	1.8	.4	2.8	2.1	4.8
4432889.0	.2	.2	.3	.3	.3	.2	.3	.5	1.2	.5	.5	.1	.1	.3
181139.0	.9	.7	.5	.4	.3	.3	.4	.3	.4	.4	.5	.4	.3	1.1
4464173.0	48.8	36.7	39.2	50.3	57.0	46.5	44.3	58.7	54.0	37.4	39.3	59.6	44.7	34.2
4413170.0	1.2	1.8	1.1	.8	1.5	1.3	1.8	2.4	1.7	1.5	1.7	.5	1.5	.9
4429608.0	7.2	7.4	7.9	8.7	3.5	3.1	3.0	4.9	3.4	6.1	1.7	5.4	3.6	7.5
4393565.0	5.4	5.7	7.4	3.9	2.8	3.8	1.7	4.1	1.5	5.6	1.4	2.2	4.3	5.0
4368600.0	4.2	4.8	4.6	4.2	3.9	3.2	5.7	4.5	5.6	5.8	4.4	5.4	5.9	5.6
4476780.0	6.7	7.2	5.9	5.8	5.5	13.8	6.2	6.1	4.5	3.9	3.2	7.0	7.5	8.6
1751298.0	12.8	15.9	12.6	14.2	18.1	19.4	13.2	11.7	16.3	14.0	16.6	16.7	10.6	18.2
4476089.0	.1	.2	.1	.1	.3	.2	.3	.5	.2	.4	.3	.2	.1	.0
4396877.0	2.9	3.8	2.7	2.7	2.0	1.3	1.4	2.6	1.4	3.9	2.2	1.5	1.7	3.2
3426658.0	.7	.6	2.3	.6	.6	1.0	.8	.9	.7	.5	.3	1.9	.9	1.0
4482404.0	3.8	4.4	12.3	5.0	4.8	3.2	1.6	6.8	1.6	3.2	1.9	3.7	5.7	2.9
4437814.0	.4	.2	.3	.3	.2	.6	.5	.5	.3	.2	.1	.7	.6	.8
4295618.0	.6	.4	1.3	1.0	1.1	.8	1.5	.8	1.2	.5	1.2	1.9	.9	.7
177403.0	.6	.9	1.6	1.0	1.5	.5	.8	1.2	.9	1.7	1.9	.5	.5	.6
208949.0	7.5	15.8	19.1	3.8	12.0	7.9	3.8	14.1	15.1	9.5	.9	11.3	10.4	10.0
4436046.0	13.8	8.9	21.5	18.9	9.8	6.9	8.2	7.7	6.5	7.6	5.7	8.9	10.1	12.4
4477696.0	53.4	31.3	50.6	69.0	48.5	50.4	47.7	26.7	30.7	57.1	61.8	68.9	48.4	46.8
4380137.0	.5	.3	.2	.4	.1	.1	.1	.2	.3	.3	.1	.1	.1	.3
840376.0	1.7	1.0	.9	1.8	1.8	.6	1.6	1.0	1.0	1.2	1.3	.9	.5	1.4
4454025.0	1.3	2.0	3.6	3.2	1.6	2.3	1.5	2.6	1.0	1.2	.5	1.8	1.7	2.4
4482983.0	17.7	13.2	9.1	20.0	15.2	8.5	8.6	13.3	11.4	12.5	13.2	9.4	13.9	11.3
2423305.0	2.1	3.1	1.1	.9	1.6	.3	.7	1.4	1.0	.8	2.0	.2	.4	3.4
4447176.0	.7	.5	.9	1.0	.8	1.1	.6	.8	.6	.4	.5	.7	.8	.5
593868.0	3.5	3.3	1.1	1.1	2.9	1.5	2.5	1.0	1.7	3.8	3.9	1.4	1.2	2.2
299474.0	.6	.3	.2	.4	.2	.1	.1	.3	.4	.3	.1	.1	.2	.4
4333897.0	.9	.8	1.2	.8	.7	.5	1.0	.6	1.1	1.6	.8	.5	.7	1.0
215670.0	.5	.3	1.1	.8	.9	.6	1.2	.7	1.0	.4	1.0	1.4	.6	.5
4300690.0	11.8	10.7	5.8	8.9	7.7	7.8	7.5	4.8	7.4	11.0	13.6	7.6	3.9	6.9
4471245.0	3.0	1.3	1.6	5.1	2.9	.8	1.0	6.7	2.5	1.8	1.3	1.1	4.0	2.6
4472130.0	.6	.5	.7	1.1	1.0	1.6	1.0	.9	1.1	.9	.9	1.5	.8	.5
178018.0	2.1	2.8	.9	2.8	4.8	1.2	1.9	2.1	1.2	1.3	2.0	1.5	2.0	2.0
4453060.0	1.3	1.4	30.9	6.9	1.1	.7	3.9	5.2	4.1	10.9	2.1	.9	5.8	5.0
179512.0	.4	.2	.1	.3	.1	.1	.1	.1	.1	.2	.1	.1	.1	.5
4446058.0	.5	1.0	.4	1.4	2.2	.8	1.1	1.1	.8	1.3	1.0	.4	1.0	.6
4471279.0	6.0	7.1	6.5	5.3	9.7	3.3	2.3	10.6	6.4	3.8	5.3	4.4	8.3	5.7
230132.0	16.7	8.2	1.9	5.6	20.9	10.9	31.9	16.0	2.6	11.9	25.0	1.4	1.2	1.2
4405482.0	.5	.4	.6	.9	.7	1.1	.6	.6	.6	.3	.5	.7	.6	.5
4459196.0	3.0	4.3	5.1	6.8	8.3	14.0	5.8	8.8	7.4	2.7	4.1	10.2	12.5	5.0
174019.0	11.3	11.2	25.7	11.7	23.3	20.1	19.0	17.4	16.2	11.3	17.5	19.8	9.4	8.4
591439.0	.7	.6	.3	.4	.8	.3	.8	.6	.6	1.0	1.9	.3	.3	.4
4353658.0	2.5	8.5	11.1	4.1	7.8	.4	3.8	3.6	11.9	5.0	5.2	8.0	2.4	2.1
4474760.0	2.3	3.4	1.5	1.5	2.0	2.5	2.9	1.6	1.5	2.9	4.8	2.0	1.4	1.8
180999.0	1.2	1.6	1.0	2.3	2.2	1.3	.8	2.2	1.1	1.2	2.5	1.6	1.8	1.1
4420570.0	6.3	5.7	1.7	1.5	4.6	1.8	2.0	17.4	4.5	2.8	3.2	3.0	4.2	4.5
4470870.0	14.6	9.8	7.1	8.2	10.8	17.3	17.4	8.3	11.2	14.0	8.8	10.5	12.9	18.2
4417335.0	1.2	1.4	1.5	1.1	1.1	3.0	1.5	1.4	.6	.8	.8	2.5	1.7	1.6
2368865.0	8.1	4.9	1.6	3.5	9.6	2.6	8.5	4.2	5.8	5.3	6.9	5.7	3.7	4.3
4202174.0	.5	.7	.5	.6	.9	1.0	1.2	.6	.6	.8	2.0	.8	.4	.4
266935.0	.4	.3	.1	.4	.1	.1	.1	.2	.3	.3	.1	.1	.1	.3
4456894.0	.9	1.1	.9	.7	1.4	.9	1.3	1.9	2.1	1.0	4.3	.4	1.1	.8
931528.0	6.9	2.6	6.3	4.9	2.4	3.2	2.8	6.4	4.5	9.6	5.1	2.4	3.2	5.5
1016369.0	.5	.5	.3	.3	.5	.1	.1	.5	.8	.6	.5	.0	.0	.3
4412168.0	1.2	1.8	1.7	1.2	1.1	3.4	1.6	1.8	.6	1.0	.9	2.8	2.0	1.5
839545.0	2.0	3.1	.8	2.8	2.6	1.3	2.0	1.1	2.0	2.4	3.2	2.1	1.8	1.6
4381430.0	1.1	1.2	1.1	1.5	1.0	1.1	1.0	.9	.8	.7	1.1	1.7	1.1	1.5
4189999.0	.5	.6	.8	.6	.4	.8	.7	.7	.6	.4	.3	.8	.7	.8
1102370.0	9.9	9.5	3.8	7.4	6.3	7.1	5.8	7.2	5.4	5.0	10.7	4.2	2.4	6.8
4375000.0	1.2	1.1	1.3	1.0	.9	.7	1.3	.9	1.3	1.9	1.1	.7	.9	1.2
4439398.0	2.6	2.2	4.3	2.4	2.3	4.0	2.8	4.2	2.9	3.8	2.0	3.1	4.3	3.8
566243.0	1.0	.8	1.1	.7	.6	.5	1.0	.7	1.0	1.4	.8	.5	.7	1.0
4484075.0	1.9	1.3	1.2	1.2	1.2	1.3	1.7	.9	1.5	1.1	2.1	1.3	1.0	1.4
4425526.0	5.6	3.4	2.6	5.5	6.6	6.1	3.6	4.0	3.8	4.5	3.9	4.6	3.7	2.6
157224.0	.5	.5	.4	.6	.7	.5	.7	.6	.6	.4	1.7	.6	.5	.7
4462599.0	4.7	3.4	4.4	3.0	3.8	3.2	2.5	3.2	1.3	2.6	2.0	1.8	3.0	4.5
4368575.0	.9	1.7	2.9	.5	.3	3.0	3.4	3.7	.5	1.7	1.8	1.0	2.8	1.9
4070490.0	1.3	.6	1.4	3.2	5.5	1.3	1.4	.9	7.3	3.7	5.6	3.6	.6	.7
3943186.0	8.3	9.0	7.1	8.7	19.0	7.4	13.6	4.6	16.2	6.9	16.0	6.7	6.1	7.1
4470582.0	8.2	8.9	6.2	8.0	7.9	5.1	5.1	6.6	7.0	7.5	11.6	6.9	6.9	7.6
4409280.0	1.5	1.1	.9	1.2	1.2	1.4	1.5	.8	1.3	1.1	1.9	1.2	.9	1.1
3581990.0	.1	.2	.1	.2	.2	.2	.3	.4	.1	.3	.2	.2	.2	.0
187504.0	3.0	3.8	1.1	1.6	1.3	1.1	2.1	1.5	3.3	3.8	1.2	1.2	.8	2.8
4317170.0	.4	.2	.2	.3	.1	.0	.1	.2	.3	.2	.1	.1	.1	.3
1889556.0	.4	.3	.3	.3	.2	.6	.4	.3	.3	.2	.2	.5	.5	.4
124470.0	1.1	1.1	.8	.4	.6	1.8	.6	1.8	.8	.7	.3	1.3	1.4	1.2
174403.0	.7	.6	.4	.7	.7	.5	.7	.4	.6	.4	1.2	.8	.6	.6
3390534.0	.9	.8	1.4	1.4	.8	.6	.5	.6	.6	1.2	1.0	.6	.6	.9
657390.0	1.8	6.5	2.6	.6	.2	10.8	.3	3.6	5.6	1.7	.8	4.0	9.0	5.7
196315.0	.3	.2	.1	.3	.1	.1	.1	.2	.1	.2	.1	.1	.1	.4
214031.0	1.1	.6	.6	.4	.4	1.3	.6	.8	.4	.7	.6	.8	.9	.7
4439530.0	2.9	1.1	2.0	1.1	1.1	.1	1.3	.5	7.6	2.6	.4	.7	1.9	2.7
4373482.0	1.2	1.6	.7	.6	1.3	1.4	2.0	3.1	1.5	1.7	2.2	.6	1.1	1.0
1105984.0	2.2	3.5	6.7	1.8	1.2	15.0	2.5	5.9	3.6	2.6	1.1	5.9	10.2	2.3
849440.0	.4	3.8	.4	2.6	1.5	.2	.7	2.6	.5	.1	.2	.1	.3	3.9
196381.0	1.2	1.5	1.4	.9	3.5	1.3	1.9	.8	5.1	2.7	2.2	4.0	2.4	.5
289709.0	1.0	.9	1.2	.8	.7	.6	1.1	.7	1.1	1.4	.9	.6	.8	1.0
2223978.0	1.5	1.7	.8	1.0	.8	.5	.6	.6	1.2	.9	.8	.5	.8	1.1
184426.0	1.0	.6	.4	.6	.4	.6	.9	.3	.5	.4	.9	.5	.4	.7
568118.0	.2	.2	.5	.4	.5	.3	.6	.4	.5	.2	.5	.7	.3	.2
4335484.0	5.5	2.1	3.5	5.7	2.6	1.4	2.0	11.1	4.2	3.6	4.9	1.9	5.6	3.4
301253.0	1.6	.9	3.1	1.8	2.0	1.5	3.8	3.7	2.2	1.2	2.1	3.2	1.7	1.8
3892207.0	.5	.5	.4	.9	.8	.5	.4	.6	.6	.7	1.3	.6	1.0	.3
4421070.0	.5	.5	.6	.3	.3	.6	.7	.7	.4	.6	.2	.7	.8	1.4
851715.0	3.6	3.5	4.4	3.8	2.4	1.5	2.5	2.6	2.1	4.1	3.4	1.2	1.5	3.1
2689396.0	.8	1.8	.8	.7	1.0	.4	1.0	.5	.8	3.3	.7	.5	1.6	.8
125624.0	5.3	5.2	1.7	5.7	6.7	3.3	2.9	4.6	4.8	7.2	4.5	3.1	3.9	4.0
187225.0	3.0	2.2	1.7	5.8	6.9	4.3	3.1	1.4	2.8	11.3	4.9	4.3	3.1	2.2
3562626.0	.9	1.3	.7	1.2	.8	2.8	1.7	3.1	.4	.2	.8	1.8	1.8	1.8
4477199.0	.4	.5	.4	.3	.6	.4	.9	1.2	.7	.5	.6	.3	1.2	.3
589071.0	.2	.2	.4	.2	.2	.6	.3	.4	.2	.2	.2	.4	.4	.3
158423.0	3.6	3.1	2.2	2.0	6.8	2.2	.7	1.4	2.7	1.4	1.8	2.0	2.4	5.6
181174.0	3.4	3.6	2.3	1.8	4.0	3.2	4.9	2.9	2.2	2.7	2.2	1.7	1.8	4.2
4463108.0	4.2	4.2	7.1	4.0	5.6	1.3	5.5	1.0	11.2	9.3	7.1	1.6	2.7	7.4
791348.0	5.3	2.9	1.8	8.5	8.0	10.7	5.2	1.2	4.2	1.0	3.4	4.8	3.1	3.9
268733.0	1.1	.5	.2	.9	.3	.2	.3	.2	.4	1.0	1.1	.1	.1	.4
279179.0	3.6	2.5	1.5	.8	5.9	3.3	6.8	.7	3.5	1.3	9.7	3.2	.9	.8
823916.0	1.0	1.0	.7	.7	1.6	1.0	1.6	1.9	1.2	1.1	1.9	.7	2.3	1.1
4397092.0	1.3	1.6	.5	1.1	1.8	.2	1.3	.8	2.2	1.3	2.8	.4	1.0	1.6
173965.0	1.0	1.3	.6	1.0	1.1	.4	.6	1.5	.6	.6	1.0	.4	.6	1.4
197274.0	.8	.8	.3	.6	.7	1.0	.9	.5	.6	.3	.6	.8	.5	.9
183328.0	5.4	5.7	5.1	10.8	11.5	9.6	4.1	3.8	6.4	7.0	3.7	7.4	3.3	3.0
4429981.0	11.0	11.1	16.4	11.4	14.6	5.7	9.0	9.7	8.0	8.5	14.8	7.6	12.7	7.7
728860.0	.2	.3	.1	.3	.3	.1	.3	.4	.6	.5	.8	.0	.0	.2
174611.0	1.5	.9	1.0	1.2	2.1	.8	1.6	.8	1.1	.9	3.5	1.5	1.2	1.3
4446669.0	2.3	2.6	5.5	3.4	1.8	1.1	1.5	1.8	2.0	3.3	.6	1.6	.6	2.8
3579831.0	.4	.3	.4	.6	.5	.8	.4	.4	.4	.2	.4	.5	.4	.3
299441.0	1.8	2.6	.5	.9	1.1	.9	2.3	.9	2.1	2.7	2.3	.5	.4	.6
198910.0	.4	.5	.4	.5	.5	.4	.4	.3	.4	.3	.9	.5	.4	.3
216550.0	3.8	2.2	1.9	1.3	2.2	4.3	4.6	2.5	2.6	2.8	4.2	2.2	1.5	3.7
175148.0	5.5	3.5	1.5	2.3	2.1	1.7	2.2	2.9	2.0	2.1	2.1	1.5	1.3	3.1
2920309.0	.5	.7	.7	.5	.5	.8	.7	.5	.5	.6	.3	.8	.7	.7
180528.0	.8	.4	.2	.7	.5	.2	.5	.3	.4	.4	.4	.3	.2	.7
2229500.0	3.0	2.2	1.4	2.0	2.6	1.9	2.0	2.1	1.8	1.9	1.9	1.6	2.5	2.0
4347520.0	5.1	3.2	5.7	2.5	1.2	1.2	1.3	3.2	1.6	2.5	.7	2.2	1.7	2.9
4443172.0	59.9	50.3	58.3	72.0	65.1	49.9	64.6	55.6	91.5	67.5	51.7	40.0	49.5	56.0
157054.0	3.0	8.9	3.4	5.4	4.2	5.9	3.8	2.3	5.1	2.4	3.2	7.0	3.2	1.8
195508.0	.2	.2	.2	.1	.1	.4	.2	.3	.1	.1	.0	.5	.3	.4
834829.0	3.8	15.0	12.7	4.4	2.4	8.8	.8	9.8	7.6	33.2	1.0	18.1	5.5	12.0
158045.0	.3	.3	.4	.5	.4	.3	.4	.2	.4	.2	.7	.5	.3	.3
359872.0	.2	.5	.4	.3	.2	.5	.5	.4	.1	.2	.6	.3	.3	.2
4416951.0	22.2	9.0	8.7	11.1	14.5	11.1	9.1	23.0	14.8	13.3	10.5	10.3	11.1	12.6
210800.0	.0	.2	.1	.1	.2	.2	.2	.3	.1	.2	.2	.1	.2	.0
4335781.0	.7	.7	.3	.4	.5	.3	.3	.3	.2	.3	.3	.3	1.1	.7
4467347.0	1.3	1.5	1.2	1.8	1.6	3.7	2.5	2.0	.8	.4	1.4	2.7	2.1	1.9
4424408.0	.4	.4	.5	.3	.3	.5	.4	.5	.3	.3	.2	.5	.5	.4
72820.0	.7	.6	.3	.4	.6	.4	.6	.5	.2	.6	.4	.4	1.7	.8
3841096.0	1.5	1.4	1.8	1.9	1.8	.4	.4	1.5	.8	1.3	.9	1.0	.7	1.3
189356.0	1.3	1.8	.7	1.0	.9	.5	.5	.7	1.5	1.1	.7	.4	.9	.8
193233.0	.5	.7	.6	.4	.3	.6	.8	.5	.4	.6	.3	.7	.6	1.0
1749079.0	.3	.3	.4	.2	.2	.5	.4	.4	.3	.2	.1	.4	.4	.3
54563.0	1.2	1.3	1.1	1.8	1.0	.6	.5	1.2	.7	1.3	.2	.7	.7	1.8
4453304.0	2.6	1.6	3.3	3.0	2.5	1.9	2.6	2.5	2.3	2.4	2.8	1.6	1.6	1.8
2506486.0	.9	1.0	1.2	1.1	1.1	1.4	1.2	1.1	.8	.9	1.0	.8	.7	1.1
4407278.0	2.0	1.3	1.1	1.7	2.2	.5	.5	3.4	1.7	4.1	.7	.4	2.3	1.5
167950.0	1.1	1.1	1.3	1.2	1.1	.8	1.7	1.3	1.6	1.5	1.1	1.6	1.7	1.6
4455330.0	2.4	1.9	1.4	1.0	1.3	3.3	.8	3.8	.9	.9	1.4	1.3	1.3	1.8
175560.0	1.6	1.9	1.4	1.7	1.7	1.1	1.1	1.5	1.5	1.5	2.5	1.4	1.5	1.7
2243510.0	1.6	.8	3.4	1.0	.4	2.6	2.8	1.8	1.7	.6	3.3	1.9	.9	2.0
4425634.0	.5	.4	.7	.1	.1	1.0	.7	.2	1.7	1.0	.8	.9	2.8	.5
753638.0	4.1	5.0	7.1	5.1	13.5	2.6	17.2	2.0	27.7	7.5	13.4	6.5	1.8	10.7
1919007.0	.4	.5	.7	.4	.4	.7	.6	.6	.5	.4	.2	.6	.6	.6
578016.0	.3	.4	.4	.2	.2	.5	.3	.4	.2	.2	.1	.4	.3	.6
839610.0	.3	.2	.4	.5	.3	.6	.4	.3	.4	.2	.3	.3	.3	.3
4391009.0	1.8	.5	2.1	2.1	1.1	2.3	2.2	1.3	2.4	.5	1.0	2.7	2.9	2.6
4435784.0	.5	.6	.6	.4	.5	.9	.7	.6	.6	.4	.2	.7	.7	.9
177828.0	3.1	1.3	2.0	3.4	4.3	5.1	3.2	1.8	2.3	3.9	2.6	2.8	3.9	2.0
4332078.0	.2	.2	.1	.2	.3	.4	.4	.1	.2	.4	1.0	.3	.2	.1
16054.0	15.2	7.9	6.6	10.0	12.9	7.1	7.7	14.5	8.1	6.7	7.1	10.1	10.5	10.5
113542.0	4.1	3.8	6.8	3.6	3.5	4.7	2.7	2.8	2.9	3.4	4.4	3.7	3.6	3.3
4444790.0	1.1	.2	3.9	3.4	2.4	.6	4.2	.9	1.9	1.3	3.1	2.3	.4	1.6
195436.0	.3	.4	.3	.4	.4	.4	.4	.3	.3	.2	.7	.5	.4	.3
4336943.0	2.7	3.6	2.4	.4	2.5	8.0	1.0	20.0	1.0	2.5	1.2	1.5	3.2	5.9
195215.0	.2	.6	.3	.7	.8	.2	.4	.4	.8	.2	.8	.2	.4	.5
182073.0	.8	.7	1.0	1.7	2.1	2.2	1.9	1.2	.9	.4	.7	2.0	.8	.5
147484.0	1.5	1.3	2.2	1.6	2.2	2.1	1.9	.9	.9	1.5	2.3	.9	1.0	.9
4482598.0	2.7	.4	8.6	.1	.2	.6	.9	.1	.7	1.4	.8	.1	1.5	1.3
718624.0	1.1	1.0	1.2	.9	.9	.8	1.4	1.2	1.4	1.5	1.0	1.3	1.6	1.2
174516.0	6.1	7.1	12.7	7.5	12.6	13.9	7.4	5.6	7.7	7.7	12.1	7.2	7.8	5.3
4447992.0	2.2	1.2	1.9	1.3	2.2	.3	.8	3.6	1.4	1.8	1.3	.6	1.2	1.2
2544615.0	1.4	1.1	1.0	1.5	1.2	1.4	1.3	.8	.9	.8	2.9	1.6	1.3	1.3
3940440.0	.3	.4	.4	.3	.3	.5	.3	.4	.2	.3	.2	.4	.4	.4
841635.0	1.5	.9	1.9	.8	2.0	1.5	3.4	1.7	.7	.2	1.8	2.6	2.1	1.6
174831.0	.5	.3	.8	.4	.5	.6	.8	.6	.7	.3	.4	1.2	.9	.7
4329571.0	.2	.3	.3	.2	.2	.4	.2	.3	.2	.2	.1	.3	.3	.5
157424.0	4.3	5.4	5.4	5.8	9.0	6.9	2.9	4.4	4.0	1.8	6.7	2.9	4.4	9.5
141145.0	.4	.4	.5	.3	.3	.3	.5	.3	.4	.8	.4	.3	.4	.4
3256931.0	.6	.5	.7	.6	.5	.6	.6	.6	.6	.4	.2	.8	.6	.7
580629.0	.3	.2	.6	.3	.3	.3	.8	.4	.4	.1	.4	.7	.6	.5
4429854.0	.4	.4	.7	.5	.7	.3	.9	.9	1.2	.4	.6	.3	1.0	.4
4405104.0	5.5	4.1	4.1	5.2	7.8	6.6	4.7	5.1	6.1	3.2	2.1	4.2	3.5	4.6
179744.0	1.4	.6	.6	3.5	1.0	2.2	2.1	1.1	1.8	1.7	2.8	3.3	1.0	.5
174818.0	.5	.3	.4	.3	.4	.4	.4	.2	.3	.3	.5	.6	.4	.5
4410988.0	.6	.8	2.0	1.0	1.0	.5	.4	1.1	.6	.4	.5	.5	.5	1.3
4411138.0	3.1	3.6	1.0	1.3	1.7	.4	1.3	1.6	1.3	1.5	1.7	.5	3.8	1.8
806852.0	1.2	2.2	1.5	2.9	6.2	.3	.2	.6	2.2	2.9	.5	1.5	2.3	.9
4437515.0	1.0	.9	.7	2.3	.9	.7	1.1	.2	.2	.3	.8	.7	.2	.8
4419276.0	.3	.2	.2	.1	.1	.1	.2	.4	.3	.2	.3	.1	1.7	.2
4480923.0	1.6	.3	3.2	7.1	2.5	4.4	2.7	1.2	3.4	2.9	.5	4.2	3.3	.5
552235.0	.6	.5	.5	.3	.3	.3	.2	.7	.3	.7	.1	.2	.4	.4
4412540.0	4.4	4.9	5.1	6.5	5.2	5.3	4.4	4.0	4.8	5.4	5.2	4.7	3.9	4.9
4425648.0	7.0	7.9	11.1	6.1	6.1	8.7	5.5	5.4	4.7	5.9	7.6	6.4	6.8	5.4
4368216.0	.7	.8	1.0	.8	.7	1.6	1.3	1.6	.6	.8	1.0	1.4	1.3	1.2
196664.0	.2	.3	.2	.2	.2	.5	.3	.2	.2	.2	.1	.4	.4	.5
4442899.0	4.8	4.1	6.3	3.9	2.6	3.4	.4	3.5	1.4	4.5	.3	2.0	7.5	4.0
4358322.0	2.0	3.8	1.0	1.4	2.5	1.7	2.7	1.0	3.7	8.2	4.2	1.4	2.9	1.7
4369272.0	.3	.3	.6	.4	.4	.7	.5	.5	.3	.4	.5	.5	.5	.5
176104.0	1.0	1.0	.5	.9	.9	1.4	1.5	.7	.8	.8	1.6	.8	.5	.9
279107.0	1.8	1.2	1.5	1.6	1.8	1.5	.5	1.0	2.3	1.2	.9	2.5	2.3	3.2
4480970.0	1.6	2.4	1.9	1.2	1.3	1.4	1.8	1.8	1.2	2.2	1.2	1.8	1.5	2.7
4318671.0	9.7	13.4	3.6	5.4	2.8	3.3	4.2	4.4	3.7	1.8	.9	5.3	3.1	5.0
2033299.0	.4	.3	.3	.2	.6	.4	.6	.9	.3	.3	.5	.2	.6	.2
4455767.0	.6	.4	.3	.4	.4	.1	.2	.4	.2	.4	.4	.2	.6	.6
186851.0	.7	.4	.2	.7	.6	1.0	.7	.7	.6	.8	1.0	1.6	.7	.6
4359056.0	.3	.3	.4	.2	.2	.5	.4	.4	.2	.2	.1	.4	.4	.5
4336940.0	.8	.6	.7	.6	2.3	.7	1.2	.5	1.4	1.8	1.7	.9	1.6	.4
179663.0	.5	.3	.3	.4	.4	.3	.5	.2	.3	.2	.6	.4	.2	.4
184114.0	.7	.7	.3	.4	.3	.3	.3	.5	.4	.4	.4	.2	.5	.5
4343627.0	.5	.7	.5	.4	.4	.6	.5	.4	.4	.4	.3	.7	.6	.6
4296216.0	2.0	2.5	1.0	1.7	1.6	.9	1.2	1.4	1.1	1.0	1.1	1.1	2.4	2.8
4338624.0	1.7	3.1	2.5	1.2	2.9	3.7	2.2	2.4	1.3	1.8	1.2	4.3	3.0	2.9
311950.0	.2	.2	.2	.2	.1	.4	.4	.4	.1	.1	.1	.6	.4	.6
176077.0	.3	.4	.5	.4	.4	.8	.3	.4	.2	.4	.3	.4	.4	.2
4449851.0	1.0	1.0	1.1	1.1	.8	.7	1.3	1.1	1.2	1.3	.9	1.2	1.2	1.3
668514.0	.9	1.0	1.0	.9	.9	.7	1.4	1.0	1.3	1.3	1.0	1.1	1.5	1.3
588216.0	.3	.4	.5	.3	.3	.2	.3	.2	.4	.6	.4	.2	.3	.4
3195932.0	.2	.4	.4	.2	.3	.6	.5	.5	.3	.2	.1	.4	.4	.4
366068.0	.3	.4	.3	.4	.4	.3	.4	.3	.3	.3	.7	.5	.3	.3
313764.0	.1	.2	.2	.1	.1	.3	.1	.2	.1	.1	.1	.3	.3	.2
4472174.0	7.5	7.1	10.1	8.9	6.6	6.8	7.5	10.2	6.7	9.6	7.2	5.3	7.9	9.9
178712.0	1.1	1.6	1.2	1.0	2.1	.4	1.8	1.6	1.7	2.3	.6	1.3	.6	1.4
4410938.0	1.4	.9	.8	.7	.7	.4	.4	1.4	1.3	1.4	1.6	.2	1.5	.9
179291.0	1.8	1.5	.4	.6	1.1	.7	.6	.4	.5	.6	1.1	.9	.4	.4
3550973.0	.7	.5	.9	.4	.5	.1	.2	1.7	.4	.4	.6	.1	.2	1.1
4423978.0	.7	.7	8.0	.8	.3	.4	1.5	.4	1.1	2.2	.3	1.0	5.1	1.1
760544.0	1.6	1.4	.5	.7	1.2	.4	.9	.6	.9	2.6	1.2	.4	.2	.7
347690.0	.5	.4	.2	.4	.4	.7	.5	.5	.3	.2	.3	.5	.3	.6
842193.0	.8	.9	1.0	.7	1.7	3.3	2.1	1.4	1.5	.6	1.6	1.9	1.3	.6
230232.0	.7	.5	.4	.7	.9	.5	.5	1.1	.8	.7	1.1	.5	.8	.4
801210.0	3.5	1.6	5.2	6.1	7.9	6.6	6.6	3.3	6.5	1.4	3.8	10.0	6.8	5.4
4484111.0	1.8	2.4	1.6	2.1	2.7	2.1	1.7	1.1	1.3	1.5	1.8	1.7	1.7	1.6
280706.0	.7	.8	.9	.7	.7	.6	1.2	.9	1.0	1.2	.7	1.0	1.1	1.0
2943548.0	.5	.4	.9	.5	.6	.3	.4	.5	.4	1.4	1.0	.3	.3	.6
158415.0	2.1	3.3	2.4	1.5	3.9	2.4	1.5	1.3	2.2	1.3	2.0	5.2	1.8	2.5
4402903.0	1.9	2.7	1.6	2.5	1.5	1.2	2.8	2.1	2.9	3.2	3.6	3.2	1.4	1.9
4318935.0	.6	.8	.9	.7	.7	.6	1.0	.8	.9	1.0	.7	.9	1.0	.9
189083.0	1.1	.6	1.6	1.2	1.2	1.6	1.8	.8	1.4	.6	1.2	1.8	1.2	1.3
1980933.0	1.3	1.5	2.2	4.0	1.8	3.8	.9	1.4	.6	.6	1.0	2.5	4.8	1.0
4310675.0	.2	.3	.2	.3	.2	.1	.1	.3	.4	.5	.5	.1	.3	.2
184996.0	.3	.4	.2	.4	.4	.3	.3	.3	.4	.2	.7	.5	.3	.4
4434315.0	.2	.3	.2	.2	.4	.2	.3	.6	.8	.4	1.1	.1	.4	.2
4462107.0	.7	.7	.6	.6	.6	.4	.4	.5	.6	.7	1.0	.6	.7	.8
4428313.0	1.4	5.4	.4	1.1	.9	.1	2.0	2.5	4.5	5.0	3.0	.7	.5	5.1
677165.0	1.0	1.2	.6	.5	1.0	.9	1.1	1.4	1.1	.8	1.2	.3	1.4	.6
177792.0	.8	.5	.2	.4	.6	.3	.4	.4	.5	.4	.4	.7	.5	1.5
198587.0	.7	.4	.2	.4	.3	.4	.4	.2	.3	.3	.4	.5	.3	.8
187883.0	.7	.8	.6	.8	.8	.6	.5	.6	.8	.7	1.2	.7	.7	.8
178478.0	.5	.5	.4	.2	.5	1.2	.3	.5	.2	.5	.1	.5	1.0	.7
354334.0	.5	.6	.5	.5	.5	.3	.3	.4	.5	.5	.9	.5	.5	.6
4357811.0	.2	.3	.3	.2	.2	.3	.2	.4	.2	.1	.1	.3	.3	.3
4250634.0	.2	.2	.3	.1	.1	.4	.3	.3	.1	.1	.1	.2	.3	.2
208479.0	.4	.3	.3	.2	.2	.4	.5	.4	.2	.3	.4	.5	.6	.6
197233.0	.5	.6	.4	.6	.4	.2	.5	.3	.7	.5	1.2	.2	.4	.4
4328189.0	1.8	1.6	8.1	20.0	1.3	2.0	1.7	1.4	1.1	5.0	1.1	2.0	1.8	1.5
183715.0	.6	.9	1.3	2.6	1.3	.7	2.1	.4	1.3	.9	4.3	.9	.4	.5
2119695.0	.3	.3	.2	.4	.3	.1	.2	.5	.3	.5	.4	.2	.3	.2
151623.0	8.5	4.5	8.6	7.2	8.5	6.7	4.7	1.2	5.9	2.3	1.7	6.3	5.5	3.9
755148.0	2.7	1.1	1.1	.8	1.0	.4	.5	1.3	1.1	2.2	1.5	.3	.6	.8
186259.0	1.8	4.1	1.8	.8	1.6	1.0	.6	3.6	1.3	2.2	.7	.3	1.0	2.3
183676.0	.6	.7	.6	.7	.6	.5	.4	.6	.7	.6	1.1	.6	.7	.7
128300.0	2.7	2.3	1.2	5.0	2.8	.4	11.8	.4	2.0	8.8	3.9	.9	13.8	5.8
178296.0	2.6	4.0	4.6	4.6	6.5	2.8	7.3	6.3	4.0	4.1	12.4	7.5	5.1	1.7
4466827.0	.5	.8	.7	.8	.9	.8	1.5	.3	.8	.4	2.6	1.0	.2	.8
214682.0	2.2	3.6	3.4	3.3	11.2	1.7	.2	1.2	1.6	2.4	1.3	.8	2.8	2.6
3483793.0	.4	.3	.4	.3	.2	.2	.4	.3	.4	.5	.3	.2	.2	.5
180846.0	.5	1.1	.3	.4	.3	.2	.2	.3	.6	.5	.3	.2	.4	.3
29625.0	5.1	5.0	2.7	1.7	15.1	3.9	3.1	4.4	2.8	8.5	6.1	6.0	1.6	3.6
4380450.0	2.9	2.0	3.9	2.1	2.0	2.2	3.3	2.6	3.0	3.7	2.7	1.8	1.8	2.5
187178.0	.2	.3	.4	.2	.3	.5	.4	.5	.3	.2	.1	.4	.4	.5
259097.0	.9	3.4	2.8	2.3	1.5	1.2	1.3	1.4	3.3	.9	.4	1.4	.7	1.9
192070.0	.4	.4	.4	.1	.2	.4	.6	.5	.5	.2	.1	.5	.7	1.1
183062.0	4.9	1.5	2.1	3.7	1.3	4.2	1.8	1.6	5.1	8.5	.9	5.0	1.1	3.5
3304236.0	.3	.3	.4	.3	.3	.4	.4	.4	.3	.2	.1	.3	.4	.3
211907.0	.3	.2	.1	.3	.1	.1	.1	.1	.1	.1	.1	.2	.1	.3
336710.0	.3	.3	.4	.3	.3	.5	.5	.4	.6	.2	.2	.5	.6	.4
344746.0	.3	.3	.4	.4	.4	.8	.3	.2	.2	.3	.9	.2	.4	.3
191161.0	.7	.8	.6	.8	.8	.6	.5	.7	.7	.6	1.2	.7	.7	.8
215231.0	.5	.4	.2	.3	.3	.7	.4	.5	.1	.5	.3	.1	.3	.5
2550241.0	.1	.1	.3	.2	.2	.2	.3	.2	.3	.1	.2	.4	.2	.1
731422.0	.3	.2	.5	.6	.6	.2	.6	.2	.4	.3	.4	.8	.2	.2
811492.0	.5	.6	.6	.5	.5	.4	.8	.6	.8	.8	.5	.7	.7	.7
178686.0	.3	.5	.2	.2	.2	.2	.2	.6	.4	.7	.9	.2	.5	.4
4438565.0	.4	.6	.3	.4	.5	.5	.5	.9	.9	.5	.6	.2	.8	.3
176306.0	.4	.2	.2	.4	.4	.4	.3	.3	.2	.4	.5	.3	.2	.5
4483570.0	1.7	1.8	2.6	1.1	1.2	1.4	.7	1.7	.8	.5	1.4	2.4	5.0	2.1
2254348.0	.2	.1	.3	.3	.6	.2	.4	.5	.3	.2	.5	.1	.7	.1
189708.0	.5	.7	.5	.6	.6	.4	.4	.6	.6	.4	.8	.5	.5	.6
4472200.0	.3	.2	.2	.2	.4	.3	.4	.5	.3	.3	.5	.2	.5	.1
3302038.0	.5	.7	1.9	.9	.6	1.5	1.0	1.0	.6	.3	.4	.5	.7	.6
213566.0	.3	.3	.7	.3	.3	.5	.9	.5	.2	.1	.3	.7	.4	.6
4454737.0	.4	.5	.4	1.4	.4	.3	1.9	.3	.7	.4	1.4	.1	.2	.4
4357315.0	.7	.6	1.1	.3	.6	.8	1.0	.6	.5	.4	.5	.5	.4	.9
4396248.0	4.8	6.6	3.4	2.5	3.1	1.4	2.8	1.8	2.2	7.7	3.6	2.3	1.9	3.4
292260.0	.6	3.6	.9	.1	.2	1.9	.1	1.2	.6	.8	.3	.9	1.5	.5
4460847.0	1.3	1.0	.8	.8	.7	.7	.9	.7	.4	1.6	.8	.5	.8	1.1
48084.0	16.0	21.3	13.4	14.3	15.3	20.4	13.1	13.8	24.8	19.8	12.4	17.7	19.1	19.0
4326866.0	.7	.5	.4	.9	.9	1.0	.9	.5	1.0	1.5	2.7	.7	.3	.3
188192.0	.4	.3	.2	.3	.3	.4	.4	.2	.3	.3	.5	.3	.2	.3
175323.0	.3	.4	.2	.2	.2	.1	.2	.2	.5	.5	.5	.1	.3	.3
4431558.0	.6	1.1	1.1	.9	.6	.7	.4	.8	.9	.4	.3	.6	.6	.9
181858.0	.9	.8	.6	.9	.8	.5	.5	.7	.7	.7	1.2	.7	.8	.8
4359214.0	.3	.2	.6	.6	.4	.7	.5	.6	.5	.2	.8	.5	.4	.4
178183.0	.5	.5	.2	.4	.4	.1	.5	.7	.2	.4	.4	.3	.6	.3
204352.0	.8	.4	.3	.5	.7	.3	.3	.5	.5	.7	.7	.2	.2	.5
178713.0	.8	.5	.3	.9	.9	.3	.4	.4	.5	.5	.3	.5	.2	.7
170462.0	.4	.5	.3	.5	.4	.1	.3	.3	.2	.3	.2	.5	.3	1.0
186081.0	.4	.4	.3	.5	.4	.3	.4	.3	.4	.2	.6	.5	.4	.3
1978955.0	.9	.8	1.1	.6	.8	.6	1.3	.6	1.6	1.4	.8	.6	.7	.8
4353913.0	5.6	1.5	1.4	3.3	8.3	.9	3.3	1.4	3.1	4.0	4.1	2.5	1.0	2.1
199534.0	1.3	.9	.7	.9	.7	1.6	1.2	.9	.8	.4	1.3	1.4	1.5	1.4
177478.0	1.8	2.8	2.2	1.2	1.3	.9	1.1	3.1	1.4	1.4	2.4	.7	1.1	2.6
2696706.0	.2	.3	.3	.2	.2	.5	.3	.4	.2	.2	.1	.4	.4	.4
4451906.0	.1	.1	.2	.2	.2	.3	.4	.1	.3	.1	.2	.2	.2	.1
4449244.0	.4	.5	1.1	.7	.5	1.2	.2	.5	.3	.7	.2	.8	.6	.5
174519.0	.5	.3	.2	.3	.4	.3	.3	.2	.2	.4	.3	.3	.2	.4
553611.0	2.1	1.0	2.0	1.3	1.7	.2	1.4	.6	3.6	2.3	1.2	2.1	.5	4.7
2338105.0	.3	.4	.3	.4	.4	.2	.2	.4	.4	.3	.6	.3	.4	.4
187751.0	.4	.3	.4	.4	.4	.6	.5	.6	.2	.2	.4	.8	.6	.7
174695.0	.3	.4	.3	.7	.6	.2	.3	.4	.3	.4	.5	.3	.3	.4
183030.0	1.4	1.1	1.1	2.5	2.3	1.6	1.9	1.5	1.7	2.1	1.6	1.3	1.4	.8
4434268.0	.5	.4	.3	.3	.5	.1	.2	.8	.5	.6	.1	.2	.3	.4
4463532.0	.9	.6	.5	.8	.7	.7	.8	.5	.6	1.0	.8	.5	.6	.7
4377418.0	.8	.4	.9	.3	.8	.1	.4	.8	.8	.9	.4	.4	.3	.5
2617854.0	5.4	3.9	3.7	2.8	4.5	7.1	5.4	4.3	3.6	3.1	4.0	5.2	4.9	6.0
173876.0	.8	.3	.2	.3	.3	.3	.4	.2	.3	.3	.5	.3	.3	.6
173986.0	.5	.6	.5	.5	.5	.4	.3	.3	.5	.4	.8	.4	.6	.6
361507.0	3.1	3.7	3.4	.8	3.7	1.7	.1	.5	4.6	4.1	.1	.6	2.4	4.1
3325758.0	.3	.2	.4	.1	.2	.4	.6	.4	.4	.1	.1	.6	.6	.8
186883.0	.2	.4	.1	.2	.2	.1	.1	.3	.2	.2	.1	.1	.3	.3
211764.0	2.7	2.9	3.3	1.4	3.9	1.8	.1	1.5	1.9	.8	1.5	2.2	4.9	2.1
190639.0	.8	.6	.4	.2	.7	1.6	1.0	1.1	.4	.5	.9	.6	1.1	.6
4469302.0	3.1	7.5	8.4	3.3	3.0	1.6	2.0	3.0	7.4	4.9	2.3	2.0	2.3	3.3
4428676.0	.1	.1	.2	.2	.2	.3	.2	.1	.3	.1	.3	.2	.1	.1
180421.0	2.9	2.8	1.7	2.0	1.9	4.1	3.8	1.2	2.3	3.1	3.0	1.6	2.3	2.7
348027.0	.2	.1	.2	.1	.1	.3	.2	.2	.1	.1	.1	.2	.2	.2
3855938.0	3.8	5.4	4.0	1.5	2.8	1.1	.7	14.8	2.4	2.5	.4	1.0	1.2	2.0
185558.0	.5	.7	.5	.7	.4	.2	.1	.4	.6	.8	.3	.2	.4	.5
2075910.0	.5	.2	.7	.5	.5	.3	.7	.4	.4	.2	.5	.8	.5	.4
3265161.0	.5	.4	.4	.4	.3	.3	.5	.3	.4	.3	.3	.2	.3	.6
4470603.0	.5	.3	.7	.6	.4	.2	.3	.3	.3	.3	.2	.3	.4	.4
4412542.0	.2	.1	.3	.4	.3	.2	.4	.2	.4	.1	.4	.4	.2	.3
2198356.0	.2	.1	.2	.1	.1	.3	.2	.2	.1	.1	.1	.3	.3	.3
1667433.0	.4	.5	.1	.6	.5	.2	.6	.3	.4	.7	.7	.4	.4	.3
181059.0	1.1	.6	.3	.6	.5	.7	.5	.4	.5	.5	.6	.5	.4	.8
194383.0	.4	.5	.4	.5	.5	.3	.3	.4	.4	.4	.7	.4	.4	.5
175741.0	.2	.2	.2	.4	.4	.3	.3	.2	.2	.4	.4	.2	.2	.2
177335.0	.2	.3	.1	.2	.2	.1	.1	.3	.2	.2	.1	.1	.2	.3
174943.0	.8	.4	.5	.6	.5	.4	.5	.4	.4	.3	.7	.5	.4	.5
4343528.0	.6	.6	.8	.4	.5	.6	.8	.6	.4	.5	.5	.4	.5	.8
182911.0	.3	.3	.1	.2	.2	.1	.2	.1	.1	.1	.2	.2	.2	.4
338754.0	.1	.1	.1	.1	.1	.2	.2	.1	.1	.1	.1	.2	.2	.2
194626.0	.3	.7	.3	.3	.3	.3	.3	.2	.3	.2	.6	.4	.3	.3
293342.0	.2	.3	.1	.3	.2	.1	.1	.3	.2	.2	.1	.1	.3	.3
321453.0	.2	.3	.1	.3	.2	.1	.1	.4	.2	.2	.1	.1	.3	.3
365536.0	.5	.5	.7	.4	.4	.8	.4	.5	.4	.3	.3	.5	.4	.5
297057.0	.2	.2	.3	.2	.2	.4	.3	.3	.2	.2	.1	.3	.3	.3
2835813.0	1.3	.8	.6	.5	1.1	.9	1.1	1.1	1.0	1.0	.8	.3	.6	.9
554163.0	.4	.5	.5	.4	.4	.3	.6	.6	.6	.7	.4	.6	.7	.6
4438545.0	.4	.4	.4	.3	.7	.4	.6	.9	.4	.5	.5	.2	.7	.2
4342104.0	1.0	.7	.7	.9	.6	.5	.5	1.0	.4	1.0	.4	.4	.4	.8
3908638.0	.3	.4	.4	.3	.3	.3	.6	.4	.5	.6	.4	.4	.5	.5
4399109.0	2.2	3.4	2.9	3.0	4.3	2.2	.9	3.4	2.0	.5	.8	4.8	2.4	1.0
4335815.0	.2	.2	.2	.3	.5	.4	.2	.2	.3	.3	.3	.3	.2	.2
3530697.0	.3	.3	.2	.2	.2	.2	.2	.2	.2	.2	.2	.1	.2	.3
732765.0	3.0	2.4	2.8	1.2	1.9	4.7	3.6	1.7	2.9	4.8	3.6	3.4	3.6	4.4
4479373.0	.5	.5	.2	.3	.3	.1	.1	.3	.2	.3	.5	.2	.5	.4
4226619.0	.4	.7	.4	.6	.6	.9	.6	.5	.3	.2	.4	.7	.6	.6
173135.0	.1	.1	.1	.1	.2	.1	.1	.1	.2	.1	.3	.1	.2	.1
185575.0	.4	.6	.2	.3	.3	.2	.2	.2	.5	.3	.2	.1	.3	.3
293843.0	.1	.1	.3	.2	.2	.2	.3	.1	.2	.1	.2	.3	.2	.1
4472721.0	.3	.1	.1	.2	.1	.3	.3	.2	.1	.2	.1	.2	.2	.2
369635.0	.3	.3	.1	.2	.2	.1	.1	.2	.2	.2	.3	.2	.3	.2
4410401.0	.6	.4	.8	.8	.6	.8	.4	.7	.3	.5	.5	1.0	1.0	.8
4435186.0	1.8	1.9	7.6	7.6	3.6	2.7	7.1	5.6	3.4	.5	4.8	4.1	1.5	2.8
1146771.0	.4	.3	.3	.3	.2	.2	.2	.4	.2	.4	.1	.1	.2	.4
2415144.0	.2	.3	.3	.2	.2	.5	.3	.3	.1	.2	.1	.4	.2	.2
198145.0	.2	.3	.1	.2	.2	.1	.1	.2	.2	.2	.1	.1	.2	.2
4466275.0	.8	.4	.5	.7	1.2	.3	.5	.6	.5	.6	.6	.3	.5	.3
4342023.0	.3	.4	.1	.1	.2	.2	.2	.5	.2	.2	.3	.1	.0	.2
4345397.0	.4	.4	.4	.3	.4	.2	.5	.4	.4	.6	.4	.4	.5	.5
688800.0	.2	.2	.3	.4	.4	.5	.4	.1	.3	.3	.5	.1	.1	.3
4458959.0	.5	.8	.9	1.1	1.0	.8	1.0	.5	1.0	.5	.3	1.3	.7	.8
134174.0	.4	.7	1.6	.9	1.2	.1	.1	.1	1.3	.3	.1	.2	.4	2.3
1694319.0	.4	.6	.3	.4	.4	.3	.2	.3	.3	.3	.5	.3	.3	.4
4413869.0	.2	.1	.2	.1	.4	.2	.3	.4	.1	.2	.3	.1	.4	.1
177150.0	.2	.2	.3	.2	.2	.3	.3	.3	.2	.2	.1	.3	.3	.2
185814.0	.3	.5	.2	.3	.3	.1	.2	.2	.4	.3	.2	.1	.3	.3
168415.0	.4	.5	.4	.3	.4	.3	.6	.4	.5	.5	.4	.5	.5	.5
288004.0	3.2	3.1	2.5	.9	1.6	.7	.6	4.1	3.0	1.8	2.3	.6	2.8	5.0
147702.0	.1	.2	.1	.2	.2	.1	.5	.1	.3	.2	.3	.3	.1	.2
4423027.0	.4	.5	.5	.4	.4	.3	.6	.4	.6	.6	.4	.5	.6	.6
249776.0	4.7	4.8	4.7	5.3	12.7	7.2	14.0	1.5	8.0	7.0	4.9	1.7	8.4	3.9
4418233.0	1.0	1.4	.6	.4	.5	.7	.3	1.0	.7	.4	.4	.7	1.5	.7
2921213.0	.2	.2	.2	.2	.1	.4	.2	.2	.1	.1	.1	.4	.2	.2
178571.0	6.0	7.2	6.4	6.8	4.7	4.1	15.2	3.8	10.0	5.9	15.4	8.3	5.6	9.0
4336070.0	.6	.6	.3	.5	.6	.0	.1	.3	.3	.2	.5	.1	.5	.5
4416614.0	.5	.6	.8	.3	.3	.7	.6	.7	.7	.4	.4	.6	.7	.7
2309802.0	.5	.7	.5	.7	.6	.9	.5	.5	.5	.2	.2	.7	.6	1.4
4353264.0	.3	.4	.2	.1	.2	.3	.4	.5	.4	.4	.5	.2	.3	.2
360730.0	.5	.4	.3	.2	.5	.4	1.1	.3	.3	.6	.6	.4	.2	.5
4376234.0	.3	.3	.4	.2	.3	.3	.4	.3	.5	.4	.3	.4	.5	.5
4433274.0	.9	.9	3.1	.3	.2	.7	.4	.9	.3	1.0	2.0	1.1	1.7	.5
362094.0	.3	.3	.2	.3	.3	.2	.2	.2	.3	.2	.4	.2	.2	.3
317012.0	.4	.6	.2	.3	.2	.1	.2	.2	.4	.3	.2	.1	.3	.3
4378081.0	.2	.2	.2	.2	.3	.5	.3	.2	.3	.3	.1	.4	.4	.4
189011.0	.3	.4	.1	.4	.3	.2	.5	.2	.5	.4	.3	.2	.2	.3
176604.0	.2	.1	.2	.2	.2	.2	.2	.1	.2	.1	.3	.2	.1	.3
4470236.0	.3	.1	.2	.2	.3	.2	.2	.4	.5	.3	.2	.1	.5	.2
3039313.0	.6	1.1	.6	.8	1.2	3.0	.5	.9	1.0	.4	.6	1.0	3.1	1.0
192437.0	.3	.1	.1	.1	.1	.1	.2	.1	.1	.1	.1	.1	.1	.2
187256.0	.3	.1	.3	.2	.2	.1	.3	.2	.2	.1	.1	.2	.1	.3
175704.0	.6	1.9	.1	.2	.2	.1	.1	.3	.2	.2	.2	.1	.3	.3
3272764.0	.2	.1	.2	.3	.3	.3	.2	.2	.2	.4	.4	.2	.2	.2
708680.0	.2	.2	.2	.2	.5	.3	.2	.1	.2	.3	.3	.3	.2	.2
1135084.0	1.1	1.4	1.0	.4	.3	3.9	.6	2.5	.7	.3	.2	1.5	1.0	1.2
180857.0	1.6	1.1	.6	1.8	1.8	.3	1.0	.6	1.4	.9	.6	1.2	.6	1.5
4396688.0	2.8	2.1	1.7	2.7	1.4	1.3	1.9	3.1	2.6	2.7	3.4	1.9	4.1	2.8
176690.0	.1	.2	.2	.2	.4	.3	.2	.1	.2	.3	.2	.2	.2	.2
4356307.0	.8	.6	.7	.4	.5	.9	.7	.6	.5	.3	.2	.6	.5	.7
3259009.0	.4	.3	.2	.2	.3	.1	.2	.4	.3	.2	.3	.1	.1	.3
3963289.0	.2	.2	.3	.1	.1	.2	.3	.2	.3	.1	.1	.3	.4	.5
195651.0	.2	.2	.1	.1	.1	.1	.1	.1	.1	.1	.1	.1	.1	.3
4366834.0	.7	1.1	.9	.9	1.6	1.1	.4	.2	.9	.7	.8	1.0	.5	1.2
4435690.0	.4	.4	.4	.5	.4	.2	.2	.3	.2	.2	.2	.2	.4	.5
4398028.0	.4	.5	.2	.3	.5	.2	.3	.3	.3	.3	.3	.2	.2	1.1
194286.0	1.1	1.9	1.4	.7	.5	.9	.8	1.3	.9	2.1	1.2	1.6	.6	.7
4460775.0	.9	1.6	.5	1.4	1.2	.1	.8	1.2	.7	.3	.8	1.0	.1	2.8
304161.0	.3	.2	.2	.3	.2	.3	.3	.2	.2	.2	.4	.2	.2	.2
195105.0	.4	.3	.2	.3	.4	.3	.3	.1	.2	.2	.3	.3	.2	.4
181056.0	.2	.2	.2	.2	.2	.2	.2	.1	.2	.2	.4	.2	.2	.2
175789.0	.1	.1	.1	.1	.1	.1	.1	.1	.1	.1	.3	.2	.1	.1
298288.0	.3	.2	.1	.2	.2	.1	.1	.2	.1	.2	.2	.2	.3	.2
292921.0	.2	.1	1.7	.8	.8	1.2	1.8	.6	1.0	.6	1.1	1.9	.5	.9
210262.0	.7	.8	.9	.7	2.0	2.3	.6	.5	2.2	1.3	3.0	.8	.6	1.5
275097.0	.2	.2	.3	.2	.2	.2	.4	.3	.3	.3	.2	.3	.4	.3
4383090.0	2.4	1.3	10.0	5.4	3.3	4.8	.2	1.0	14.0	1.5	.1	2.0	.5	15.0
176806.0	.2	.1	.1	.3	.3	.3	.2	.2	.2	.3	.4	.2	.2	.2
364092.0	.2	.1	.1	.3	.3	.2	.2	.1	.2	.3	.4	.2	.2	.2
824742.0	.4	.5	.5	.4	.4	.4	.6	.5	.8	.6	.4	.5	.6	.6
3439403.0	.1	.1	.2	.1	.1	.2	.2	.2	.1	.1	.1	.2	.2	.2
666757.0	.4	.5	.5	.4	.4	.3	.6	.5	.6	.6	.4	.6	.6	.6
4333648.0	.3	.2	.2	.3	.2	.3	.3	.1	.2	.2	.4	.2	.2	.2
360636.0	.2	.2	.1	.1	.1	.1	.1	.2	.1	.2	.2	.1	.2	.2
191582.0	.3	.3	.2	.3	.2	.3	.3	.2	.2	.2	.4	.3	.2	.2
14280.0	2.1	1.1	1.7	.6	.9	.6	.6	1.2	.6	1.1	1.4	.3	.5	.8
3746876.0	.4	.3	.6	.3	.4	.2	.7	.4	.6	.4	.3	.3	.3	.4
290485.0	.2	.2	.1	.2	.2	.1	.1	.1	.2	.1	.3	.1	.1	.2
185722.0	.2	.3	.4	.2	.2	.4	.3	.3	.4	.2	.2	.3	.3	.4
4428544.0	.6	.3	.4	.5	.4	.4	.5	.6	.6	.4	.5	.5	.4	.5
4483015.0	.4	.4	.4	.4	.5	.2	.1	.4	.7	.4	.5	.2	.5	.4
2442706.0	.2	.3	.3	.2	.3	.6	.2	.3	.2	.4	.3	.2	.3	.3
4449458.0	.3	.3	.4	.2	.3	.3	.2	.4	.4	3.4	.4	.1	.6	.2
370099.0	.3	.2	.1	.1	.2	.1	.1	.2	.1	.2	.2	.1	.2	.2
3262406.0	.3	.3	.3	.2	.3	.3	.3	.2	.2	.2	.2	.3	.2	.3
166869.0	.2	.2	.3	.2	.4	.2	.2	.2	.1	.2	.3	.2	.1	.2
4387246.0	.2	.1	.2	.3	.2	.3	.4	.4	.2	.1	.2	.2	.2	.2
176881.0	.2	.1	.2	.4	.3	.3	.3	.2	.3	.4	.4	.2	.2	.3
4416025.0	.3	.2	.3	.6	.2	.2	.1	.2	.1	.2	.1	.1	.2	.4
177153.0	10.6	9.3	7.0	4.0	10.2	6.1	13.5	5.0	6.3	4.8	7.7	11.6	4.2	7.9
167373.0	.1	.1	.2	.2	.2	.3	.2	.2	.2	.1	.1	.3	.2	.1
564431.0	.2	.2	.2	.2	.2	.1	.4	.2	.2	.2	.2	.4	.3	.2
4365130.0	.1	.2	.4	.2	.2	.4	.2	.3	.2	.1	.2	.1	.3	.3
185324.0	.2	.3	.2	.3	.3	.2	.2	.2	.2	.2	.4	.2	.3	.3
258099.0	.2	.3	.3	.2	.3	.2	.2	.3	.2	.3	.3	.1	.1	.4
4363066.0	3.0	3.8	2.7	4.8	2.1	3.1	1.8	1.7	2.1	8.9	8.5	2.6	1.9	1.0
1077373.0	.7	1.8	.8	1.1	.8	.6	.8	.5	.9	1.1	1.2	.4	.4	.6
188317.0	.3	.4	.1	.2	.2	.1	.1	.1	.3	.2	.2	.1	.2	.2
321743.0	.1	.1	.2	.1	.2	.1	.2	.9	.2	.1	.2	.2	.1	2.1
183865.0	.3	.3	.3	.3	.2	.2	.1	.3	.1	.2	.1	.1	.3	.4
364563.0	.1	.1	.1	.2	.1	.1	.1	.1	.1	.1	.3	.2	.1	.1
195855.0	.3	.3	.3	.3	.3	.2	.2	.2	.3	.3	.5	.3	.3	.3
146586.0	.5	.7	.4	1.4	.7	.3	.7	.8	.7	.6	.9	.4	.1	.7
231787.0	.2	.1	.1	.1	.1	.1	.2	.1	.2	.2	.1	.1	.1	.2
179319.0	.3	.2	.3	.3	.3	.2	.3	.2	.2	.4	.1	.2	.3	.4
54794.0	.2	.2	.2	.2	.3	.1	.1	.3	.2	.3	.2	.1	.3	.3
816702.0	.3	.4	.4	.3	.3	.3	.4	.4	.6	.5	.3	.4	.5	.5
3235048.0	.5	.3	.4	.4	.5	.3	.6	.2	.3	.5	.6	.3	.2	.5
4030375.0	.1	.2	.2	.1	.1	.2	.1	.2	.1	.1	.1	.2	.2	.2
1139021.0	1.6	2.2	.6	1.5	1.8	1.0	2.0	1.5	2.2	1.2	4.0	1.1	.9	1.5
212686.0	.7	.5	1.1	.5	.5	.4	.5	.4	.5	.4	.3	.3	.6	.8
4396292.0	.1	.1	.2	.2	.2	.4	.3	.1	.2	.2	.3	.3	.2	.1
132991.0	.4	.5	.3	.4	.4	.3	.3	.3	.4	.3	.5	.3	.3	.4
4433823.0	.3	.3	.2	.2	.2	.2	.3	.2	.2	.3	.2	.3	.2	.4
588471.0	1.3	.9	1.5	.4	.9	.8	.4	.9	1.6	2.0	.6	1.7	1.0	.8
181759.0	.2	.2	.1	.2	.2	.1	.2	.1	.2	.1	.3	.2	.2	.2
4008675.0	.1	.1	.2	.1	.1	.2	.1	.2	.1	.1	.0	.1	.1	.1
4296242.0	2.1	2.5	2.0	3.7	2.2	3.4	2.7	.7	1.5	1.7	2.0	4.1	4.4	5.3
1065569.0	.6	.3	.3	.7	.4	.1	.1	.6	.6	.5	.4	1.0	.3	.7
180462.0	.2	.2	.1	.2	.1	.1	.1	.1	.1	.2	.1	.1	.2	.2
134265.0	1.4	1.1	1.8	.9	.9	.9	.9	1.7	.5	.5	.7	.8	.7	.4
176014.0	.1	.1	.1	.2	.4	.3	.2	.1	.2	.2	.2	.2	.1	.2
362344.0	.1	.1	.2	.2	.2	.2	.2	.9	.2	.2	1.7	.1	.3	.2
179785.0	.6	.3	.6	.5	2.2	.7	.5	.2	1.6	.3	.8	.9	.3	.4
183439.0	.3	.2	.2	.3	.2	.2	.2	.1	.1	.1	.2	.2	.1	.3
176318.0	2.2	3.7	3.4	3.3	3.5	2.1	6.1	4.0	2.9	4.5	5.6	2.8	2.1	4.0
3441309.0	.2	.2	.2	.1	.2	.1	.2	.2	.2	.3	.2	.3	.2	.2
4382457.0	.5	1.8	1.1	.8	.5	.6	.6	1.0	1.1	1.7	.6	1.1	.6	3.8
220970.0	.2	.2	.2	.2	.2	.2	.3	.2	.3	.3	.2	.3	.3	.3
975306.0	.2	.1	.1	.2	.2	.3	.2	.1	.1	.2	.3	.1	.2	.2
182674.0	.2	.3	.1	.1	.1	.1	.2	.1	.2	.1	.1	.1	.2	.3
4483963.0	.2	.2	.3	.1	.1	.3	.4	.3	.2	.2	.2	.2	.3	.3
216710.0	.3	.4	.4	.4	.5	.4	.2	.5	.3	.6	.4	.2	.2	.6
110458.0	2.6	2.9	5.8	3.1	1.5	1.7	2.0	2.8	1.6	6.6	.1	2.6	1.1	2.8
176321.0	.3	.1	.1	.3	.3	.3	.2	.2	.2	.3	.4	.2	.2	.3
4483391.0	.3	1.0	.3	.3	.4	.3	.3	.6	.3	.4	.2	.4	.5	.2
258375.0	1.2	2.2	3.6	.3	.8	2.4	.3	.2	1.7	1.5	1.8	2.0	1.7	.5
4408801.0	.2	.3	.3	.3	.4	.3	.3	.2	.3	.2	.4	.3	.3	.1
358654.0	.3	.3	.2	.3	.3	.1	.1	.2	.2	.3	.4	.2	.2	.2
4035247.0	.3	.3	.1	.3	.2	.7	.2	.2	.2	.3	.3	.2	.3	.3
810425.0	.4	.7	.7	.5	.3	.3	.4	.5	.7	.8	.5	.1	.5	.2
366794.0	.2	.1	.2	.2	.2	.1	.2	.1	.1	.1	.3	.2	.2	.2
86170.0	.2	.2	.1	.2	.2	.1	.1	.1	.2	.2	.3	.2	.2	.2
174337.0	.3	.4	.2	.3	.2	.3	.1	.2	.4	.3	.1	.3	.3	.3
1550603.0	.2	.1	.2	.1	.1	.1	.2	.1	.2	.2	.2	.1	.2	.2
176507.0	.1	.1	.1	.2	.2	.1	.2	.0	.1	.1	.2	.2	.1	.2
4385318.0	.4	.6	.4	.3	.4	.3	.4	.5	.4	.6	.3	.4	.3	.5
42372.0	.4	1.4	.8	.6	.4	.4	.4	.6	.8	1.2	.4	.8	.4	2.7
4379449.0	1.2	.4	.3	.5	.3	.1	.2	.3	.2	.2	.2	.2	.3	.4
4310208.0	.2	.3	.4	.4	.4	.4	.4	.2	.3	.2	.1	.6	.3	.3
637546.0	.2	.3	.3	.3	.2	.2	.3	.3	.3	.4	.3	.4	.3	.4
2307779.0	.2	.3	.5	.3	.6	.3	.1	.2	.2	.1	.2	.2	.2	.2
4335578.0	.3	.2	.3	.3	.4	.1	.1	.8	.3	.4	.2	.3	.4	.2
4476561.0	.5	.6	.3	.2	.5	1.2	.9	.8	.8	.5	.8	.3	.7	2.1
4375889.0	.2	.3	.3	.3	.2	.2	.3	.2	.3	.2	.3	.2	.1	.2
4479612.0	.7	.5	.3	.7	.8	.4	.7	.4	.9	.3	.9	.5	.3	.5
211935.0	.2	.1	.1	.3	.2	.2	.2	.1	.1	.2	.3	.1	.1	.2
308081.0	.3	.1	.2	.2	.1	.1	.1	.3	.1	.2	.1	.2	.2	.3
175612.0	.2	.1	.1	.3	.2	.2	.2	.1	.2	.3	.3	.1	.2	.2
182383.0	.3	.2	.2	.3	.3	.2	.2	.2	.3	.2	.4	.2	.3	.2
4417708.0	1.9	1.1	1.4	1.8	2.7	.7	1.2	2.1	2.0	2.3	1.4	1.1	2.0	1.1
363017.0	.2	.2	.1	.2	.2	.2	.3	.1	.2	.2	.3	.2	.1	.1
495451.0	1.3	.9	2.1	.8	1.1	.4	.8	.5	.8	2.3	1.2	.3	.7	.7
2985051.0	.2	.3	.1	.2	.3	.1	.3	.1	.3	.2	.4	.2	.3	.6
3275562.0	.5	.4	.3	.4	.4	.4	.4	.5	.5	.4	.4	.5	.3	.5
760967.0	.9	.4	1.9	.6	.6	.7	.6	.7	.5	1.1	.3	.4	.4	1.6
4466616.0	.3	.1	.3	.3	.2	.3	.2	.2	.2	.3	.4	.4	.3	.2
1592748.0	.2	.2	.4	.2	.2	.3	.2	.4	.3	.4	.2	.3	.3	.3
363430.0	3.7	8.2	.4	3.6	12.4	2.5	2.9	2.3	5.7	8.5	2.4	2.9	3.7	3.0
294812.0	3.7	1.8	1.9	2.1	6.2	2.2	4.5	1.5	5.9	3.0	4.0	1.0	.4	2.7
1835779.0	.4	.1	.2	.5	.4	.2	.4	.2	.3	.3	.2	.2	.3	.4
3867172.0	.2	.1	.2	.1	.1	.1	.2	.1	.2	.2	.1	.1	.1	.2
186011.0	.3	.3	.1	.2	.2	.2	.3	.2	.3	.2	.2	.2	.1	.3
181485.0	.1	.1	.1	.1	.2	.2	.2	.1	.1	.1	.2	.2	.1	.1
1141821.0	.3	.3	.2	.2	.3	.3	.4	.5	.3	.3	.3	.1	.3	.2
214036.0	.2	.2	.3	.2	.4	.3	.3	.1	.2	.2	.3	.1	.1	.2
4445028.0	.5	.4	.2	.3	.4	.3	.2	.3	.2	.3	.5	.2	.4	.2
187447.0	.2	.1	.2	.2	.2	.1	.2	.1	.2	.2	.1	.1	.1	.3
4469007.0	.3	.2	.3	.3	.3	.4	.3	.3	.4	.4	.3	.2	.4	.2
1111294.0	.1	.1	.2	.1	.1	.1	.2	.1	.2	.2	.1	.1	.1	.2
213394.0	.2	.2	.3	.3	.4	.4	.2	.3	.3	.2	.4	.4	.2	.3
4468892.0	.4	.2	.2	.2	.3	.1	.1	.2	.2	.2	.3	.1	.1	.2
296082.0	.8	.5	3.3	5.1	3.2	1.3	7.8	3.3	4.5	5.5	1.1	7.8	3.5	3.8
4469233.0	2.5	1.4	2.0	11.1	7.6	7.4	13.5	3.3	9.7	1.6	5.6	6.4	4.2	11.9
179358.0	.2	.1	.2	.2	.2	.1	.2	.1	.2	.1	.4	.2	.1	.2
366451.0	.2	.2	.2	.2	.1	.2	.3	.2	.2	.3	.2	.2	.2	.2
2123719.0	.2	.2	.2	.3	.3	.2	.3	.2	.4	.2	.2	.1	.2	.2
537219.0	1.0	.7	.4	1.3	.6	.2	.6	.5	1.4	.6	.6	.4	.5	.5
291090.0	.5	.3	.3	.2	.3	.8	.3	.5	.3	.5	.1	.3	.5	.5
192244.0	.4	.2	.1	.2	.2	.2	.4	.2	.2	.6	.3	.3	.2	.3
176230.0	.1	.2	.2	.1	.1	.2	.2	.1	.1	.1	.1	.2	.2	.2
2438203.0	.2	.3	.3	.3	.3	.4	.6	.5	1.6	.6	.2	.2	.5	.4
4300127.0	.9	1.0	1.8	2.3	1.2	2.0	.4	.6	1.7	.7	.8	.9	6.5	2.1
519880.0	.4	.3	.2	.4	.3	.3	.3	.2	.3	.4	.4	.3	.1	.2
4477254.0	.3	.2	.2	.2	.1	.2	.2	.2	.5	.2	.4	.1	.2	.3
180659.0	.7	.9	.4	.5	.4	.7	.3	.5	.5	.3	.1	.4	.3	.6
189684.0	.1	.2	.1	.2	.1	.1	.1	.1	.1	.1	.3	.1	.1	.1
2532173.0	.4	.4	.4	.3	.4	.5	.4	.3	.4	.4	.4	.4	.3	.6
4311208.0	.2	.2	.2	.1	.1	.1	.2	.2	.9	.2	.2	.2	.2	.2
4473295.0	2.6	1.2	1.9	1.2	3.2	1.9	.8	1.2	.9	1.8	1.2	2.2	2.3	1.0
171559.0	.1	.1	.2	.1	.1	.2	.1	.1	.1	.1	.1	.1	.1	.1
4469199.0	.2	.2	.1	.1	.2	.1	.1	.1	.1	.1	.2	.1	.1	.2
193644.0	.1	.1	.1	.1	.1	.1	.1	.1	.1	.1	.2	.1	.1	.1
194320.0	.2	.2	.2	.2	.3	.2	.2	.2	.4	.2	.2	.2	.3	.2
147969.0	.6	.3	.2	.3	.3	.3	.3	.7	.3	.4	.3	.3	.3	.4
4381548.0	.2	.3	.4	.4	.3	.4	.3	.2	.3	.4	.3	.2	.2	.4
4344860.0	.1	.1	.2	.2	.2	.2	.2	.1	.3	.1	.1	.2	.1	.1
336632.0	.5	.4	.3	.2	.4	.4	.2	.3	.7	.5	.2	.5	.5	.4
199190.0	.2	.3	.3	.2	.2	.2	.3	.2	.2	.3	.2	.2	.2	.3
681779.0	.3	.3	.3	.2	.3	.2	.3	.3	.3	.4	.2	.3	.3	.3
4423384.0	.2	.3	.1	.2	.2	.1	.1	.2	.2	.2	.2	.1	.2	.2
4422456.0	.2	.5	.3	.4	.3	.3	.3	.1	.3	.1	.1	.5	.2	.2
4474844.0	.3	.2	.3	.2	.3	.2	.3	.2	.2	.2	.2	.2	.1	.1
4429335.0	.6	.3	.2	.6	1.3	.2	.4	2.4	.3	.4	.7	.8	.2	.3
3318103.0	.2	.2	.2	.2	.2	.2	.2	.2	.3	.2	.2	.1	.2	.2
2365946.0	1.2	1.0	.3	.8	1.6	.5	.6	.7	1.6	.9	.5	.6	.3	.6
231952.0	.1	.2	.2	.1	.2	.2	.3	.2	.2	.2	.3	.1	.1	.3
4414488.0	.1	.1	.1	.2	.2	.1	.2	.2	.2	.2	.1	.1	.2	.2
304047.0	.2	.2	.2	.1	.1	.2	.1	.1	.1	.2	.1	.1	.1	.2
175570.0	.1	.1	.2	.2	.2	.1	.1	.1	.1	.1	.3	.1	.1	.2
2439770.0	.3	.3	.2	.3	.3	.2	.2	.3	.2	.2	.2	.2	.3	.3
191792.0	.3	.2	.1	.2	.2	.2	.2	.2	.3	.2	.2	.2	.2	.2
341724.0	.2	.2	.1	.1	.2	.2	.2	.1	.1	.1	.2	.1	.2	.2
3855886.0	.2	.2	.2	.2	.2	.2	.2	.2	.3	.2	.1	.1	.1	.2
291266.0	.2	.2	.1	.2	.7	.2	.2	.2	.3	.2	.2	.2	.2	.3
4102199.0	.1	.2	.2	.2	.2	.2	.2	.1	.1	.2	.2	.1	.1	.2
350681.0	.1	.2	.1	.1	.2	.1	.2	.1	.1	.1	.2	.1	.1	.1
182920.0	.2	.2	.1	.2	.2	.2	.2	.2	.2	.2	.2	.2	.2	.2
301033.0	.1	.1	.1	.2	.2	.2	.1	.2	.2	.1	.1	.2	.2	.1
772282.0	.6	.5	.4	.6	.6	1.2	.7	.5	.8	.4	.4	.5	.5	.8
334336.0	.2	.1	.2	.3	.2	.1	.2	.2	.3	.2	.2	.1	.2	.2
1906635.0	.2	.3	.3	.2	.2	.2	.2	.3	.2	.4	.2	.2	.2	.3
4402751.0	.2	.2	.1	.4	.2	.3	.2	.2	.3	.3	.2	.2	.2	.2
